  35   43  601  811 1.86 
  35   43  601  896 1.86 
  35   43  601  981 2.00 
  35   43  672  725 3.14 
  35   43  672  811 3.00 
  35   43  672  896 3.29 
  35   43  672  981 3.57 
  35   43  743  725 3.43 
  35   43  743  811 3.00 
  35   43  743  896 3.29 
  35   43  743  981 3.57 
  35   43  814  725 3.43 
  35   43  814  811 3.14 
  35   43  814  896 3.00 
  35   43  814  981 3.71 
  35  128  601  896 2.29 
  35  128  601  981 2.14 
  35  128  672  811 3.00 
  35  128  672  896 3.14 
  35  128  672  981 3.57 
  35  128  743  811 3.57 
  35  128  743  896 3.43 
  35  128  743  981 3.71 
  35  128  814  725 3.71 
  35  128  814  811 3.00 
  35  128  814  896 3.29 
  35  128  814  981 3.43 
  35  213  601  981 2.14 
  35  213  672  896 3.29 
  35  213  672  981 2.43 
  35  213  743  896 3.14 
  35  213  743  981 2.57 
  35  213  814  811 3.57 
  35  213  814  896 3.14 
  35  213  814  981 2.86 
  35  299  672  981 1.00 
  35  299  743  981 1.00 
  35  299  814  896 1.00 
  35  299  814  981 1.14 
 106   43  601  981 2.14 
 106   43  672  811 2.86 
 106   43  672  896 3.14 
 106   43  672  981 3.71 
 106   43  743  725 3.43 
 106   43  743  811 3.14 
 106   43  743  896 3.29 
 106   43  743  981 3.57 
 106   43  814  725 3.14 
 106   43  814  811 3.29 
 106   43  814  896 3.29 
 106   43  814  981 3.57 
 106  128  672  896 3.57 
 106  128  672  981 4.00 
 106  128  743  811 3.14 
 106  128  743  896 3.43 
 106  128  743  981 3.71 
 106  128  814  811 3.14 
 106  128  814  896 3.29 
 106  128  814  981 3.57 
 106  213  672  981 2.86 
 106  213  743  896 2.86 
 106  213  743  981 2.57 
 106  213  814  896 3.00 
 106  213  814  981 2.43 
 106  299  743  981 1.00 
 106  299  814  981 1.00 
 177   43  672  981 3.14 
 177   43  743  811 3.43 
 177   43  743  896 3.57 
 177   43  743  981 3.14 
 177   43  814  725 3.43 
 177   43  814  811 3.29 
 177   43  814  896 3.29 
 177   43  814  981 3.14 
 177  128  743  896 3.57 
 177  128  743  981 3.57 
 177  128  814  811 3.00 
 177  128  814  896 3.14 
 177  128  814  981 3.29 
 177  213  743  981 2.43 
 177  213  814  896 2.57 
 177  213  814  981 2.14 
 177  299  814  981 1.00 
 248   43  743  981 3.29 
 248   43  814  811 3.14 
 248   43  814  896 3.00 
 248   43  814  981 3.29 
 248  128  814  896 3.14 
 248  128  814  981 3.14 
 248  213  814  981 2.29 
