  24   43  413  811 3.86 
  24   43  413  896 4.14 
  24   43  413  981 -2.00 
  24   43  462  725 4.14 
  24   43  462  811 3.86 
  24   43  462  896 3.43 
  24   43  462  981 3.86 
  24   43  510  725 3.57 
  24   43  510  811 3.86 
  24   43  510  896 3.71 
  24   43  510  981 3.71 
  24   43  559  725 3.57 
  24   43  559  811 3.57 
  24   43  559  896 3.43 
  24   43  559  981 3.57 
  24  128  413  896 3.57 
  24  128  413  981 4.00 
  24  128  462  811 3.71 
  24  128  462  896 3.57 
  24  128  462  981 3.86 
  24  128  510  811 3.43 
  24  128  510  896 4.00 
  24  128  510  981 3.86 
  24  128  559  725 3.71 
  24  128  559  811 3.57 
  24  128  559  896 3.29 
  24  128  559  981 3.71 
  24  213  413  981 4.57 
  24  213  462  896 4.43 
  24  213  462  981 4.43 
  24  213  510  896 3.86 
  24  213  510  981 4.43 
  24  213  559  811 3.71 
  24  213  559  896 3.57 
  24  213  559  981 4.29 
  24  299  462  981 3.57 
  24  299  510  981 3.57 
  24  299  559  896 3.14 
  24  299  559  981 3.29 
  73   43  413  981 -2.00 
  73   43  462  811 3.43 
  73   43  462  896 3.71 
  73   43  462  981 -2.00 
  73   43  510  725 3.86 
  73   43  510  811 3.43 
  73   43  510  896 3.43 
  73   43  510  981 3.43 
  73   43  559  725 3.57 
  73   43  559  811 3.71 
  73   43  559  896 3.29 
  73   43  559  981 3.43 
  73  128  462  896 3.43 
  73  128  462  981 3.43 
  73  128  510  811 3.43 
  73  128  510  896 3.43 
  73  128  510  981 3.71 
  73  128  559  811 3.57 
  73  128  559  896 3.57 
  73  128  559  981 3.43 
  73  213  462  981 3.71 
  73  213  510  896 4.00 
  73  213  510  981 3.86 
  73  213  559  896 3.57 
  73  213  559  981 4.14 
  73  299  510  981 3.29 
  73  299  559  981 3.29 
 121   43  462  981 -2.00 
 121   43  510  811 2.57 
 121   43  510  896 2.86 
 121   43  510  981 -2.00 
 121   43  559  725 2.71 
 121   43  559  811 2.43 
 121   43  559  896 2.00 
 121   43  559  981 2.29 
 121  128  510  896 2.86 
 121  128  510  981 2.86 
 121  128  559  811 2.57 
 121  128  559  896 2.57 
 121  128  559  981 2.00 
 121  213  510  981 3.29 
 121  213  559  896 2.86 
 121  213  559  981 2.57 
 121  299  559  981 2.43 
 170   43  510  981 -2.00 
 170   43  559  811 2.14 
 170   43  559  896 1.86 
 170   43  559  981 -2.00 
 170  128  559  896 1.86 
 170  128  559  981 1.86 
 170  213  559  981 1.86 
