  42   43  710  811 1.86 
  42   43  710  896 3.14 
  42   43  710  981 3.29 
  42   43  794  725 1.00 
  42   43  794  811 1.86 
  42   43  794  896 3.14 
  42   43  794  981 4.14 
  42   43  878  725 1.00 
  42   43  878  811 2.00 
  42   43  878  896 3.00 
  42   43  878  981 3.86 
  42   43  961  725 1.00 
  42   43  961  811 1.86 
  42   43  961  896 3.14 
  42   43  961  981 3.57 
  42  128  710  896 2.71 
  42  128  710  981 2.86 
  42  128  794  811 2.14 
  42  128  794  896 3.57 
  42  128  794  981 4.00 
  42  128  878  811 1.86 
  42  128  878  896 3.14 
  42  128  878  981 3.71 
  42  128  961  725 1.00 
  42  128  961  811 2.00 
  42  128  961  896 3.00 
  42  128  961  981 3.57 
  42  213  710  981 2.43 
  42  213  794  896 4.14 
  42  213  794  981 3.43 
  42  213  878  896 3.57 
  42  213  878  981 3.57 
  42  213  961  811 2.00 
  42  213  961  896 3.57 
  42  213  961  981 3.43 
  42  299  794  981 3.14 
  42  299  878  981 3.14 
  42  299  961  896 3.57 
  42  299  961  981 3.00 
 125   43  710  981 3.57 
 125   43  794  811 1.86 
 125   43  794  896 3.29 
 125   43  794  981 4.14 
 125   43  878  725 1.00 
 125   43  878  811 2.00 
 125   43  878  896 3.14 
 125   43  878  981 3.71 
 125   43  961  725 1.00 
 125   43  961  811 2.00 
 125   43  961  896 3.00 
 125   43  961  981 3.57 
 125  128  794  896 3.43 
 125  128  794  981 4.29 
 125  128  878  811 2.00 
 125  128  878  896 3.14 
 125  128  878  981 3.57 
 125  128  961  811 2.00 
 125  128  961  896 3.29 
 125  128  961  981 3.43 
 125  213  794  981 3.57 
 125  213  878  896 3.43 
 125  213  878  981 3.29 
 125  213  961  896 3.43 
 125  213  961  981 3.14 
 125  299  878  981 3.00 
 125  299  961  981 3.00 
 209   43  794  981 3.86 
 209   43  878  811 2.14 
 209   43  878  896 3.00 
 209   43  878  981 3.71 
 209   43  961  725 1.00 
 209   43  961  811 2.00 
 209   43  961  896 3.29 
 209   43  961  981 4.00 
 209  128  878  896 3.29 
 209  128  878  981 3.57 
 209  128  961  811 2.00 
 209  128  961  896 3.43 
 209  128  961  981 3.57 
 209  213  878  981 3.29 
 209  213  961  896 3.57 
 209  213  961  981 3.29 
 209  299  961  981 3.00 
 293   43  878  981 4.14 
 293   43  961  811 2.00 
 293   43  961  896 3.43 
 293   43  961  981 4.29 
 293  128  961  896 3.86 
 293  128  961  981 4.00 
 293  213  961  981 3.29 
