  26   43  445  811 1.00 
  26   43  445  896 1.00 
  26   43  445  981 -2.00 
  26   43  497  725 1.00 
  26   43  497  811 2.00 
  26   43  497  896 2.29 
  26   43  497  981 2.29 
  26   43  550  725 1.00 
  26   43  550  811 2.14 
  26   43  550  896 2.86 
  26   43  550  981 2.86 
  26   43  602  725 1.00 
  26   43  602  811 2.71 
  26   43  602  896 3.00 
  26   43  602  981 3.57 
  26  128  445  896 1.14 
  26  128  445  981 1.00 
  26  128  497  811 2.00 
  26  128  497  896 2.29 
  26  128  497  981 2.29 
  26  128  550  811 2.57 
  26  128  550  896 2.71 
  26  128  550  981 3.00 
  26  128  602  725 1.00 
  26  128  602  811 2.86 
  26  128  602  896 3.14 
  26  128  602  981 3.86 
  26  213  445  981 1.00 
  26  213  497  896 2.14 
  26  213  497  981 2.29 
  26  213  550  896 2.71 
  26  213  550  981 3.00 
  26  213  602  811 3.00 
  26  213  602  896 3.43 
  26  213  602  981 3.43 
  26  299  497  981 2.29 
  26  299  550  981 2.86 
  26  299  602  896 3.71 
  26  299  602  981 3.00 
  79   43  445  981 -2.00 
  79   43  497  811 2.14 
  79   43  497  896 2.29 
  79   43  497  981 -2.00 
  79   43  550  725 1.00 
  79   43  550  811 2.57 
  79   43  550  896 2.86 
  79   43  550  981 2.86 
  79   43  602  725 1.00 
  79   43  602  811 2.43 
  79   43  602  896 3.29 
  79   43  602  981 4.00 
  79  128  497  896 2.29 
  79  128  497  981 2.29 
  79  128  550  811 2.00 
  79  128  550  896 2.86 
  79  128  550  981 3.00 
  79  128  602  811 2.86 
  79  128  602  896 3.43 
  79  128  602  981 4.14 
  79  213  497  981 2.43 
  79  213  550  896 2.86 
  79  213  550  981 3.14 
  79  213  602  896 3.86 
  79  213  602  981 3.86 
  79  299  550  981 3.00 
  79  299  602  981 3.14 
 131   43  497  981 -2.00 
 131   43  550  811 2.43 
 131   43  550  896 3.00 
 131   43  550  981 -2.00 
 131   43  602  725 1.00 
 131   43  602  811 2.43 
 131   43  602  896 3.29 
 131   43  602  981 4.43 
 131  128  550  896 3.14 
 131  128  550  981 3.57 
 131  128  602  811 2.71 
 131  128  602  896 3.57 
 131  128  602  981 4.00 
 131  213  550  981 4.00 
 131  213  602  896 4.00 
 131  213  602  981 4.14 
 131  299  602  981 3.14 
 183   43  550  981 -2.00 
 183   43  602  811 2.57 
 183   43  602  896 3.29 
 183   43  602  981 -2.00 
 183  128  602  896 3.57 
 183  128  602  981 4.00 
 183  213  602  981 3.86 
