  43   30  725  566 3.00 
  43   30  725  626 3.00 
  43   30  725  685 3.00 
  43   30  811  506 3.29 
  43   30  811  566 3.43 
  43   30  811  626 3.57 
  43   30  811  685 3.29 
  43   30  896  506 3.71 
  43   30  896  566 3.43 
  43   30  896  626 4.00 
  43   30  896  685 3.43 
  43   30  981  506 3.43 
  43   30  981  566 3.57 
  43   30  981  626 3.43 
  43   30  981  685 3.29 
  43   89  725  626 2.43 
  43   89  725  685 2.57 
  43   89  811  566 3.29 
  43   89  811  626 2.86 
  43   89  811  685 3.00 
  43   89  896  566 3.43 
  43   89  896  626 3.14 
  43   89  896  685 3.43 
  43   89  981  506 -2.00 
  43   89  981  566 3.14 
  43   89  981  626 3.14 
  43   89  981  685 3.00 
  43  149  725  685 2.14 
  43  149  811  626 2.00 
  43  149  811  685 2.14 
  43  149  896  626 2.43 
  43  149  896  685 2.29 
  43  149  981  566 -2.00 
  43  149  981  626 2.14 
  43  149  981  685 2.14 
  43  209  811  685 1.43 
  43  209  896  685 1.43 
  43  209  981  626 -2.00 
  43  209  981  685 1.29 
 128   30  725  685 3.14 
 128   30  811  566 3.14 
 128   30  811  626 3.71 
 128   30  811  685 3.71 
 128   30  896  506 3.71 
 128   30  896  566 3.71 
 128   30  896  626 3.71 
 128   30  896  685 3.43 
 128   30  981  506 3.57 
 128   30  981  566 3.00 
 128   30  981  626 3.14 
 128   30  981  685 3.43 
 128   89  811  626 3.43 
 128   89  811  685 3.14 
 128   89  896  566 3.57 
 128   89  896  626 3.29 
 128   89  896  685 3.57 
 128   89  981  566 3.00 
 128   89  981  626 3.00 
 128   89  981  685 3.00 
 128  149  811  685 2.00 
 128  149  896  626 2.29 
 128  149  896  685 2.14 
 128  149  981  626 2.29 
 128  149  981  685 2.14 
 128  209  896  685 1.57 
 128  209  981  685 1.29 
 213   30  811  685 3.57 
 213   30  896  566 3.71 
 213   30  896  626 3.43 
 213   30  896  685 3.71 
 213   30  981  506 3.29 
 213   30  981  566 3.29 
 213   30  981  626 3.00 
 213   30  981  685 2.43 
 213   89  896  626 3.57 
 213   89  896  685 3.00 
 213   89  981  566 2.71 
 213   89  981  626 3.00 
 213   89  981  685 2.86 
 213  149  896  685 2.29 
 213  149  981  626 2.29 
 213  149  981  685 2.29 
 213  209  981  685 1.29 
 299   30  896  685 3.43 
 299   30  981  566 3.00 
 299   30  981  626 2.86 
 299   30  981  685 2.86 
 299   89  981  626 2.86 
 299   89  981  685 2.43 
 299  149  981  685 2.29 
