  26   43  434  811 3.57 
  26   43  434  896 3.43 
  26   43  434  981 -2.00 
  26   43  485  725 3.43 
  26   43  485  811 3.71 
  26   43  485  896 3.86 
  26   43  485  981 3.86 
  26   43  536  725 3.29 
  26   43  536  811 3.57 
  26   43  536  896 3.71 
  26   43  536  981 3.71 
  26   43  587  725 3.14 
  26   43  587  811 3.29 
  26   43  587  896 3.43 
  26   43  587  981 3.71 
  26  128  434  896 3.71 
  26  128  434  981 3.57 
  26  128  485  811 4.00 
  26  128  485  896 3.71 
  26  128  485  981 3.57 
  26  128  536  811 3.43 
  26  128  536  896 3.57 
  26  128  536  981 3.43 
  26  128  587  725 3.43 
  26  128  587  811 3.29 
  26  128  587  896 3.71 
  26  128  587  981 3.29 
  26  213  434  981 3.43 
  26  213  485  896 3.29 
  26  213  485  981 3.57 
  26  213  536  896 3.43 
  26  213  536  981 3.43 
  26  213  587  811 3.14 
  26  213  587  896 3.00 
  26  213  587  981 3.14 
  26  299  485  981 3.71 
  26  299  536  981 3.71 
  26  299  587  896 3.29 
  26  299  587  981 3.43 
  77   43  434  981 -2.00 
  77   43  485  811 3.71 
  77   43  485  896 3.57 
  77   43  485  981 -2.00 
  77   43  536  725 3.14 
  77   43  536  811 3.29 
  77   43  536  896 3.43 
  77   43  536  981 3.57 
  77   43  587  725 3.14 
  77   43  587  811 3.29 
  77   43  587  896 3.29 
  77   43  587  981 3.43 
  77  128  485  896 3.43 
  77  128  485  981 3.29 
  77  128  536  811 3.29 
  77  128  536  896 3.00 
  77  128  536  981 3.29 
  77  128  587  811 2.86 
  77  128  587  896 3.14 
  77  128  587  981 3.14 
  77  213  485  981 3.29 
  77  213  536  896 3.00 
  77  213  536  981 3.00 
  77  213  587  896 3.00 
  77  213  587  981 3.14 
  77  299  536  981 3.29 
  77  299  587  981 2.86 
 128   43  485  981 -2.00 
 128   43  536  811 2.14 
 128   43  536  896 2.43 
 128   43  536  981 -2.00 
 128   43  587  725 2.29 
 128   43  587  811 2.14 
 128   43  587  896 2.43 
 128   43  587  981 2.29 
 128  128  536  896 2.57 
 128  128  536  981 2.57 
 128  128  587  811 2.14 
 128  128  587  896 2.29 
 128  128  587  981 2.57 
 128  213  536  981 2.57 
 128  213  587  896 2.29 
 128  213  587  981 2.29 
 128  299  587  981 2.43 
 179   43  536  981 -2.00 
 179   43  587  811 1.00 
 179   43  587  896 1.14 
 179   43  587  981 -2.00 
 179  128  587  896 1.29 
 179  128  587  981 1.14 
 179  213  587  981 1.14 
