  34   43  572  811 1.71 
  34   43  572  896 2.71 
  34   43  572  981 3.00 
  34   43  640  725 1.29 
  34   43  640  811 2.00 
  34   43  640  896 3.00 
  34   43  640  981 3.29 
  34   43  707  725 1.00 
  34   43  707  811 1.86 
  34   43  707  896 3.29 
  34   43  707  981 3.86 
  34   43  774  725 1.14 
  34   43  774  811 1.43 
  34   43  774  896 3.29 
  34   43  774  981 4.14 
  34  128  572  896 2.57 
  34  128  572  981 3.00 
  34  128  640  811 1.57 
  34  128  640  896 3.00 
  34  128  640  981 3.14 
  34  128  707  811 1.29 
  34  128  707  896 3.57 
  34  128  707  981 3.29 
  34  128  774  725 1.00 
  34  128  774  811 1.57 
  34  128  774  896 3.00 
  34  128  774  981 3.86 
  34  213  572  981 2.00 
  34  213  640  896 2.00 
  34  213  640  981 2.43 
  34  213  707  896 1.86 
  34  213  707  981 1.86 
  34  213  774  811 1.57 
  34  213  774  896 1.86 
  34  213  774  981 1.71 
  34  299  640  981 1.57 
  34  299  707  981 1.43 
  34  299  774  896 1.14 
  34  299  774  981 1.14 
 101   43  572  981 3.00 
 101   43  640  811 1.57 
 101   43  640  896 3.43 
 101   43  640  981 3.57 
 101   43  707  725 1.14 
 101   43  707  811 1.57 
 101   43  707  896 3.14 
 101   43  707  981 4.43 
 101   43  774  725 1.00 
 101   43  774  811 1.71 
 101   43  774  896 2.86 
 101   43  774  981 3.86 
 101  128  640  896 2.57 
 101  128  640  981 3.86 
 101  128  707  811 1.57 
 101  128  707  896 3.43 
 101  128  707  981 3.86 
 101  128  774  811 1.43 
 101  128  774  896 3.86 
 101  128  774  981 3.71 
 101  213  640  981 1.86 
 101  213  707  896 2.00 
 101  213  707  981 2.14 
 101  213  774  896 2.29 
 101  213  774  981 2.14 
 101  299  707  981 1.43 
 101  299  774  981 1.43 
 168   43  640  981 3.86 
 168   43  707  811 1.57 
 168   43  707  896 3.57 
 168   43  707  981 4.43 
 168   43  774  725 1.14 
 168   43  774  811 1.57 
 168   43  774  896 3.14 
 168   43  774  981 4.14 
 168  128  707  896 3.14 
 168  128  707  981 3.57 
 168  128  774  811 1.29 
 168  128  774  896 3.43 
 168  128  774  981 4.14 
 168  213  707  981 1.71 
 168  213  774  896 2.14 
 168  213  774  981 1.86 
 168  299  774  981 1.43 
 236   43  707  981 3.29 
 236   43  774  811 1.71 
 236   43  774  896 3.14 
 236   43  774  981 3.29 
 236  128  774  896 3.14 
 236  128  774  981 3.57 
 236  213  774  981 2.29 
