  32   43  550  811 3.14 
  32   43  550  896 3.57 
  32   43  550  981 3.86 
  32   43  614  725 2.14 
  32   43  614  811 3.00 
  32   43  614  896 3.14 
  32   43  614  981 3.00 
  32   43  679  725 2.29 
  32   43  679  811 3.00 
  32   43  679  896 3.00 
  32   43  679  981 3.00 
  32   43  744  725 2.29 
  32   43  744  811 3.00 
  32   43  744  896 3.14 
  32   43  744  981 3.29 
  32  128  550  896 3.57 
  32  128  550  981 3.86 
  32  128  614  811 3.00 
  32  128  614  896 3.00 
  32  128  614  981 3.14 
  32  128  679  811 3.14 
  32  128  679  896 3.14 
  32  128  679  981 3.14 
  32  128  744  725 2.29 
  32  128  744  811 3.29 
  32  128  744  896 3.29 
  32  128  744  981 3.29 
  32  213  550  981 2.71 
  32  213  614  896 2.71 
  32  213  614  981 2.71 
  32  213  679  896 2.86 
  32  213  679  981 2.86 
  32  213  744  811 3.00 
  32  213  744  896 3.00 
  32  213  744  981 2.71 
  32  299  614  981 2.43 
  32  299  679  981 2.57 
  32  299  744  896 2.86 
  32  299  744  981 2.57 
  97   43  550  981 3.86 
  97   43  614  811 3.00 
  97   43  614  896 3.57 
  97   43  614  981 3.57 
  97   43  679  725 2.14 
  97   43  679  811 3.00 
  97   43  679  896 3.29 
  97   43  679  981 3.14 
  97   43  744  725 2.29 
  97   43  744  811 3.00 
  97   43  744  896 3.14 
  97   43  744  981 3.29 
  97  128  614  896 3.14 
  97  128  614  981 3.14 
  97  128  679  811 3.00 
  97  128  679  896 3.43 
  97  128  679  981 3.43 
  97  128  744  811 3.14 
  97  128  744  896 3.14 
  97  128  744  981 3.14 
  97  213  614  981 2.71 
  97  213  679  896 3.14 
  97  213  679  981 2.86 
  97  213  744  896 3.14 
  97  213  744  981 2.71 
  97  299  679  981 2.43 
  97  299  744  981 2.43 
 162   43  614  981 3.43 
 162   43  679  811 3.00 
 162   43  679  896 2.86 
 162   43  679  981 3.29 
 162   43  744  725 2.29 
 162   43  744  811 2.71 
 162   43  744  896 2.71 
 162   43  744  981 3.14 
 162  128  679  896 3.00 
 162  128  679  981 3.29 
 162  128  744  811 2.86 
 162  128  744  896 2.86 
 162  128  744  981 2.71 
 162  213  679  981 2.71 
 162  213  744  896 2.86 
 162  213  744  981 2.29 
 162  299  744  981 2.43 
 226   43  679  981 2.00 
 226   43  744  811 2.14 
 226   43  744  896 2.14 
 226   43  744  981 2.29 
 226  128  744  896 2.14 
 226  128  744  981 2.14 
 226  213  744  981 2.00 
