  32   43  544  811 2.00 
  32   43  544  896 2.71 
  32   43  544  981 3.29 
  32   43  608  725 1.43 
  32   43  608  811 2.00 
  32   43  608  896 2.43 
  32   43  608  981 3.57 
  32   43  672  725 1.71 
  32   43  672  811 2.29 
  32   43  672  896 2.57 
  32   43  672  981 3.71 
  32   43  736  725 1.86 
  32   43  736  811 2.14 
  32   43  736  896 2.57 
  32   43  736  981 3.57 
  32  128  544  896 2.43 
  32  128  544  981 3.14 
  32  128  608  811 2.00 
  32  128  608  896 2.71 
  32  128  608  981 3.43 
  32  128  672  811 2.00 
  32  128  672  896 2.86 
  32  128  672  981 3.71 
  32  128  736  725 1.71 
  32  128  736  811 2.00 
  32  128  736  896 2.86 
  32  128  736  981 4.29 
  32  213  544  981 2.71 
  32  213  608  896 2.71 
  32  213  608  981 3.14 
  32  213  672  896 2.86 
  32  213  672  981 3.43 
  32  213  736  811 2.14 
  32  213  736  896 3.14 
  32  213  736  981 3.43 
  32  299  608  981 3.00 
  32  299  672  981 2.86 
  32  299  736  896 2.29 
  32  299  736  981 3.00 
  96   43  544  981 3.00 
  96   43  608  811 1.71 
  96   43  608  896 2.86 
  96   43  608  981 3.71 
  96   43  672  725 1.71 
  96   43  672  811 1.86 
  96   43  672  896 2.57 
  96   43  672  981 3.71 
  96   43  736  725 1.86 
  96   43  736  811 2.14 
  96   43  736  896 2.57 
  96   43  736  981 4.00 
  96  128  608  896 2.57 
  96  128  608  981 4.14 
  96  128  672  811 2.00 
  96  128  672  896 2.71 
  96  128  672  981 4.00 
  96  128  736  811 2.00 
  96  128  736  896 3.00 
  96  128  736  981 4.14 
  96  213  608  981 3.29 
  96  213  672  896 2.86 
  96  213  672  981 3.14 
  96  213  736  896 3.29 
  96  213  736  981 3.29 
  96  299  672  981 2.86 
  96  299  736  981 3.00 
 160   43  608  981 3.71 
 160   43  672  811 1.71 
 160   43  672  896 2.71 
 160   43  672  981 3.71 
 160   43  736  725 1.71 
 160   43  736  811 1.86 
 160   43  736  896 2.86 
 160   43  736  981 3.00 
 160  128  672  896 2.71 
 160  128  672  981 3.71 
 160  128  736  811 1.86 
 160  128  736  896 2.43 
 160  128  736  981 3.43 
 160  213  672  981 3.14 
 160  213  736  896 2.71 
 160  213  736  981 3.14 
 160  299  736  981 2.86 
 224   43  672  981 2.43 
 224   43  736  811 1.57 
 224   43  736  896 2.29 
 224   43  736  981 2.57 
 224  128  736  896 2.29 
 224  128  736  981 2.43 
 224  213  736  981 2.29 
