  32   43  551  811 3.29 
  32   43  551  896 4.00 
  32   43  551  981 4.57 
  32   43  616  725 1.71 
  32   43  616  811 2.71 
  32   43  616  896 4.00 
  32   43  616  981 4.43 
  32   43  681  725 1.71 
  32   43  681  811 2.71 
  32   43  681  896 4.14 
  32   43  681  981 4.71 
  32   43  746  725 1.71 
  32   43  746  811 3.00 
  32   43  746  896 4.29 
  32   43  746  981 4.14 
  32  128  551  896 4.00 
  32  128  551  981 4.00 
  32  128  616  811 3.14 
  32  128  616  896 3.86 
  32  128  616  981 4.14 
  32  128  681  811 3.14 
  32  128  681  896 4.00 
  32  128  681  981 4.00 
  32  128  746  725 1.86 
  32  128  746  811 3.43 
  32  128  746  896 4.43 
  32  128  746  981 4.00 
  32  213  551  981 3.14 
  32  213  616  896 4.00 
  32  213  616  981 3.14 
  32  213  681  896 4.14 
  32  213  681  981 3.14 
  32  213  746  811 3.57 
  32  213  746  896 4.14 
  32  213  746  981 3.29 
  32  299  616  981 3.29 
  32  299  681  981 3.14 
  32  299  746  896 2.86 
  32  299  746  981 3.00 
  97   43  551  981 4.43 
  97   43  616  811 2.86 
  97   43  616  896 4.00 
  97   43  616  981 4.43 
  97   43  681  725 1.71 
  97   43  681  811 2.57 
  97   43  681  896 3.86 
  97   43  681  981 4.29 
  97   43  746  725 1.57 
  97   43  746  811 2.57 
  97   43  746  896 3.71 
  97   43  746  981 3.71 
  97  128  616  896 4.00 
  97  128  616  981 3.86 
  97  128  681  811 3.00 
  97  128  681  896 4.29 
  97  128  681  981 3.86 
  97  128  746  811 3.29 
  97  128  746  896 3.71 
  97  128  746  981 3.29 
  97  213  616  981 3.00 
  97  213  681  896 3.71 
  97  213  681  981 3.29 
  97  213  746  896 4.14 
  97  213  746  981 3.14 
  97  299  681  981 3.14 
  97  299  746  981 2.71 
 162   43  616  981 3.29 
 162   43  681  811 2.43 
 162   43  681  896 2.86 
 162   43  681  981 3.00 
 162   43  746  725 1.71 
 162   43  746  811 2.43 
 162   43  746  896 2.86 
 162   43  746  981 2.43 
 162  128  681  896 2.71 
 162  128  681  981 2.43 
 162  128  746  811 2.29 
 162  128  746  896 2.29 
 162  128  746  981 2.57 
 162  213  681  981 2.86 
 162  213  746  896 2.29 
 162  213  746  981 2.29 
 162  299  746  981 2.29 
 227   43  681  981 1.43 
 227   43  746  811 1.14 
 227   43  746  896 1.00 
 227   43  746  981 1.14 
 227  128  746  896 1.00 
 227  128  746  981 1.14 
 227  213  746  981 1.14 
