  38   43  642  811 3.14 
  38   43  642  896 2.86 
  38   43  642  981 3.00 
  38   43  718  725 3.29 
  38   43  718  811 3.29 
  38   43  718  896 3.57 
  38   43  718  981 4.14 
  38   43  794  725 3.29 
  38   43  794  811 3.71 
  38   43  794  896 4.00 
  38   43  794  981 4.14 
  38   43  869  725 3.71 
  38   43  869  811 3.57 
  38   43  869  896 3.57 
  38   43  869  981 3.71 
  38  128  642  896 3.43 
  38  128  642  981 3.00 
  38  128  718  811 3.43 
  38  128  718  896 3.43 
  38  128  718  981 3.29 
  38  128  794  811 3.86 
  38  128  794  896 4.00 
  38  128  794  981 3.71 
  38  128  869  725 3.57 
  38  128  869  811 3.86 
  38  128  869  896 3.43 
  38  128  869  981 3.86 
  38  213  642  981 3.00 
  38  213  718  896 3.71 
  38  213  718  981 3.29 
  38  213  794  896 3.43 
  38  213  794  981 3.86 
  38  213  869  811 3.86 
  38  213  869  896 3.00 
  38  213  869  981 3.86 
  38  299  718  981 2.71 
  38  299  794  981 2.29 
  38  299  869  896 2.57 
  38  299  869  981 3.00 
 113   43  642  981 3.00 
 113   43  718  811 3.57 
 113   43  718  896 3.57 
 113   43  718  981 4.29 
 113   43  794  725 3.29 
 113   43  794  811 3.43 
 113   43  794  896 3.86 
 113   43  794  981 4.00 
 113   43  869  725 3.43 
 113   43  869  811 3.14 
 113   43  869  896 3.14 
 113   43  869  981 3.71 
 113  128  718  896 4.29 
 113  128  718  981 4.14 
 113  128  794  811 3.57 
 113  128  794  896 3.86 
 113  128  794  981 3.71 
 113  128  869  811 3.71 
 113  128  869  896 3.14 
 113  128  869  981 3.14 
 113  213  718  981 3.71 
 113  213  794  896 3.14 
 113  213  794  981 3.43 
 113  213  869  896 3.00 
 113  213  869  981 2.86 
 113  299  794  981 2.71 
 113  299  869  981 3.00 
 189   43  718  981 1.71 
 189   43  794  811 1.86 
 189   43  794  896 1.86 
 189   43  794  981 1.86 
 189   43  869  725 1.86 
 189   43  869  811 1.86 
 189   43  869  896 1.86 
 189   43  869  981 1.86 
 189  128  794  896 1.86 
 189  128  794  981 1.86 
 189  128  869  811 1.86 
 189  128  869  896 1.86 
 189  128  869  981 1.71 
 189  213  794  981 1.86 
 189  213  869  896 1.86 
 189  213  869  981 1.71 
 189  299  869  981 1.71 
 265   43  794  981 2.14 
 265   43  869  811 2.14 
 265   43  869  896 1.86 
 265   43  869  981 2.29 
 265  128  869  896 1.71 
 265  128  869  981 2.14 
 265  213  869  981 2.00 
