  27   43  462  811 3.00 
  27   43  462  896 3.14 
  27   43  462  981 3.29 
  27   43  516  725 2.14 
  27   43  516  811 3.14 
  27   43  516  896 4.00 
  27   43  516  981 3.43 
  27   43  571  725 2.29 
  27   43  571  811 3.14 
  27   43  571  896 3.86 
  27   43  571  981 4.00 
  27   43  625  725 2.00 
  27   43  625  811 3.14 
  27   43  625  896 4.00 
  27   43  625  981 3.71 
  27  128  462  896 3.14 
  27  128  462  981 3.14 
  27  128  516  811 3.43 
  27  128  516  896 3.29 
  27  128  516  981 3.43 
  27  128  571  811 3.57 
  27  128  571  896 3.43 
  27  128  571  981 3.57 
  27  128  625  725 2.71 
  27  128  625  811 4.00 
  27  128  625  896 4.00 
  27  128  625  981 3.43 
  27  213  462  981 3.14 
  27  213  516  896 3.14 
  27  213  516  981 3.14 
  27  213  571  896 3.29 
  27  213  571  981 3.14 
  27  213  625  811 3.71 
  27  213  625  896 3.14 
  27  213  625  981 3.57 
  27  299  516  981 2.71 
  27  299  571  981 2.86 
  27  299  625  896 3.29 
  27  299  625  981 3.00 
  82   43  462  981 -2.00 
  82   43  516  811 3.43 
  82   43  516  896 4.14 
  82   43  516  981 4.14 
  82   43  571  725 2.14 
  82   43  571  811 3.86 
  82   43  571  896 4.14 
  82   43  571  981 4.29 
  82   43  625  725 2.14 
  82   43  625  811 3.43 
  82   43  625  896 4.00 
  82   43  625  981 3.86 
  82  128  516  896 3.57 
  82  128  516  981 3.57 
  82  128  571  811 4.00 
  82  128  571  896 3.43 
  82  128  571  981 3.43 
  82  128  625  811 3.86 
  82  128  625  896 3.29 
  82  128  625  981 3.57 
  82  213  516  981 3.57 
  82  213  571  896 3.29 
  82  213  571  981 3.71 
  82  213  625  896 3.43 
  82  213  625  981 3.14 
  82  299  571  981 3.00 
  82  299  625  981 3.14 
 136   43  516  981 -2.00 
 136   43  571  811 4.29 
 136   43  571  896 4.14 
 136   43  571  981 3.86 
 136   43  625  725 2.14 
 136   43  625  811 3.57 
 136   43  625  896 3.86 
 136   43  625  981 3.71 
 136  128  571  896 3.57 
 136  128  571  981 3.29 
 136  128  625  811 4.14 
 136  128  625  896 3.14 
 136  128  625  981 3.29 
 136  213  571  981 3.71 
 136  213  625  896 3.14 
 136  213  625  981 3.00 
 136  299  625  981 3.00 
 190   43  571  981 -2.00 
 190   43  625  811 2.86 
 190   43  625  896 3.14 
 190   43  625  981 2.71 
 190  128  625  896 2.86 
 190  128  625  981 2.71 
 190  213  625  981 2.86 
