  27   43  465  811 1.00 
  27   43  465  896 1.14 
  27   43  465  981 1.29 
  27   43  519  725 1.86 
  27   43  519  811 2.00 
  27   43  519  896 2.29 
  27   43  519  981 1.86 
  27   43  574  725 3.00 
  27   43  574  811 3.00 
  27   43  574  896 2.86 
  27   43  574  981 3.14 
  27   43  629  725 3.86 
  27   43  629  811 3.57 
  27   43  629  896 3.43 
  27   43  629  981 3.57 
  27  128  465  896 1.29 
  27  128  465  981 1.00 
  27  128  519  811 2.00 
  27  128  519  896 2.14 
  27  128  519  981 2.14 
  27  128  574  811 3.14 
  27  128  574  896 3.14 
  27  128  574  981 3.71 
  27  128  629  725 3.86 
  27  128  629  811 3.14 
  27  128  629  896 3.86 
  27  128  629  981 3.71 
  27  213  465  981 1.00 
  27  213  519  896 2.00 
  27  213  519  981 1.86 
  27  213  574  896 3.00 
  27  213  574  981 3.29 
  27  213  629  811 3.86 
  27  213  629  896 3.57 
  27  213  629  981 3.29 
  27  299  519  981 1.86 
  27  299  574  981 1.86 
  27  299  629  896 2.14 
  27  299  629  981 2.00 
  82   43  465  981 -2.00 
  82   43  519  811 2.43 
  82   43  519  896 2.14 
  82   43  519  981 2.14 
  82   43  574  725 3.29 
  82   43  574  811 3.29 
  82   43  574  896 3.14 
  82   43  574  981 3.57 
  82   43  629  725 4.00 
  82   43  629  811 3.29 
  82   43  629  896 3.43 
  82   43  629  981 4.00 
  82  128  519  896 2.57 
  82  128  519  981 2.57 
  82  128  574  811 3.00 
  82  128  574  896 3.43 
  82  128  574  981 3.43 
  82  128  629  811 3.57 
  82  128  629  896 3.71 
  82  128  629  981 3.86 
  82  213  519  981 2.00 
  82  213  574  896 3.29 
  82  213  574  981 3.29 
  82  213  629  896 3.71 
  82  213  629  981 3.14 
  82  299  574  981 2.00 
  82  299  629  981 1.86 
 137   43  519  981 -2.00 
 137   43  574  811 3.86 
 137   43  574  896 3.57 
 137   43  574  981 3.43 
 137   43  629  725 3.71 
 137   43  629  811 3.43 
 137   43  629  896 3.71 
 137   43  629  981 4.00 
 137  128  574  896 4.00 
 137  128  574  981 4.29 
 137  128  629  811 3.29 
 137  128  629  896 4.00 
 137  128  629  981 4.43 
 137  213  574  981 3.29 
 137  213  629  896 3.43 
 137  213  629  981 3.71 
 137  299  629  981 2.00 
 191   43  574  981 -2.00 
 191   43  629  811 3.57 
 191   43  629  896 3.43 
 191   43  629  981 4.29 
 191  128  629  896 4.29 
 191  128  629  981 4.29 
 191  213  629  981 3.00 
