  35   43  602  811 1.29 
  35   43  602  896 1.43 
  35   43  602  981 1.43 
  35   43  673  725 2.43 
  35   43  673  811 2.29 
  35   43  673  896 2.43 
  35   43  673  981 2.14 
  35   43  744  725 2.86 
  35   43  744  811 2.86 
  35   43  744  896 3.29 
  35   43  744  981 3.00 
  35   43  815  725 3.57 
  35   43  815  811 4.29 
  35   43  815  896 4.00 
  35   43  815  981 4.00 
  35  128  602  896 1.43 
  35  128  602  981 1.71 
  35  128  673  811 2.57 
  35  128  673  896 2.14 
  35  128  673  981 2.29 
  35  128  744  811 3.00 
  35  128  744  896 2.71 
  35  128  744  981 3.00 
  35  128  815  725 4.14 
  35  128  815  811 4.14 
  35  128  815  896 3.71 
  35  128  815  981 2.71 
  35  213  602  981 1.29 
  35  213  673  896 2.00 
  35  213  673  981 1.86 
  35  213  744  896 2.29 
  35  213  744  981 2.00 
  35  213  815  811 2.86 
  35  213  815  896 2.86 
  35  213  815  981 2.29 
  35  299  673  981 1.29 
  35  299  744  981 1.43 
  35  299  815  896 1.86 
  35  299  815  981 1.57 
 106   43  602  981 1.43 
 106   43  673  811 2.14 
 106   43  673  896 2.57 
 106   43  673  981 2.43 
 106   43  744  725 3.14 
 106   43  744  811 3.86 
 106   43  744  896 3.43 
 106   43  744  981 3.29 
 106   43  815  725 3.29 
 106   43  815  811 3.71 
 106   43  815  896 4.00 
 106   43  815  981 4.43 
 106  128  673  896 2.43 
 106  128  673  981 2.57 
 106  128  744  811 3.29 
 106  128  744  896 3.29 
 106  128  744  981 3.00 
 106  128  815  811 3.86 
 106  128  815  896 3.57 
 106  128  815  981 3.14 
 106  213  673  981 2.43 
 106  213  744  896 2.29 
 106  213  744  981 2.29 
 106  213  815  896 2.57 
 106  213  815  981 2.29 
 106  299  744  981 1.14 
 106  299  815  981 1.29 
 177   43  673  981 2.86 
 177   43  744  811 3.71 
 177   43  744  896 4.14 
 177   43  744  981 3.86 
 177   43  815  725 3.14 
 177   43  815  811 3.57 
 177   43  815  896 4.14 
 177   43  815  981 4.29 
 177  128  744  896 3.29 
 177  128  744  981 3.57 
 177  128  815  811 4.14 
 177  128  815  896 3.43 
 177  128  815  981 2.71 
 177  213  744  981 2.57 
 177  213  815  896 2.14 
 177  213  815  981 2.14 
 177  299  815  981 1.14 
 248   43  744  981 4.57 
 248   43  815  811 3.57 
 248   43  815  896 3.71 
 248   43  815  981 3.71 
 248  128  815  896 3.00 
 248  128  815  981 3.00 
 248  213  815  981 2.29 
