  24   43  400  811 1.86 
  24   43  400  896 -2.00 
  24   43  400  981 -2.00 
  24   43  447  725 1.57 
  24   43  447  811 2.00 
  24   43  447  896 3.14 
  24   43  447  981 -2.00 
  24   43  494  725 1.57 
  24   43  494  811 1.86 
  24   43  494  896 3.00 
  24   43  494  981 3.29 
  24   43  541  725 1.29 
  24   43  541  811 2.14 
  24   43  541  896 3.14 
  24   43  541  981 3.14 
  24  128  400  896 3.14 
  24  128  400  981 -2.00 
  24  128  447  811 2.14 
  24  128  447  896 3.29 
  24  128  447  981 4.14 
  24  128  494  811 2.00 
  24  128  494  896 3.29 
  24  128  494  981 4.00 
  24  128  541  725 1.43 
  24  128  541  811 1.71 
  24  128  541  896 3.29 
  24  128  541  981 3.86 
  24  213  400  981 4.14 
  24  213  447  896 4.00 
  24  213  447  981 4.14 
  24  213  494  896 3.86 
  24  213  494  981 4.14 
  24  213  541  811 1.86 
  24  213  541  896 3.57 
  24  213  541  981 3.43 
  24  299  447  981 3.00 
  24  299  494  981 3.00 
  24  299  541  896 3.71 
  24  299  541  981 2.71 
  71   43  400  981 -2.00 
  71   43  447  811 2.29 
  71   43  447  896 -2.00 
  71   43  447  981 -2.00 
  71   43  494  725 1.43 
  71   43  494  811 1.71 
  71   43  494  896 2.86 
  71   43  494  981 -2.00 
  71   43  541  725 1.71 
  71   43  541  811 1.71 
  71   43  541  896 2.43 
  71   43  541  981 2.86 
  71  128  447  896 3.00 
  71  128  447  981 -2.00 
  71  128  494  811 2.29 
  71  128  494  896 2.86 
  71  128  494  981 3.14 
  71  128  541  811 2.00 
  71  128  541  896 2.86 
  71  128  541  981 2.86 
  71  213  447  981 3.57 
  71  213  494  896 3.00 
  71  213  494  981 2.57 
  71  213  541  896 3.00 
  71  213  541  981 2.57 
  71  299  494  981 2.71 
  71  299  541  981 2.86 
 118   43  447  981 -2.00 
 118   43  494  811 1.43 
 118   43  494  896 -2.00 
 118   43  494  981 -2.00 
 118   43  541  725 1.14 
 118   43  541  811 1.29 
 118   43  541  896 1.57 
 118   43  541  981 -2.00 
 118  128  494  896 1.57 
 118  128  494  981 -2.00 
 118  128  541  811 1.29 
 118  128  541  896 1.43 
 118  128  541  981 1.57 
 118  213  494  981 1.57 
 118  213  541  896 1.57 
 118  213  541  981 1.43 
 118  299  541  981 1.29 
 165   43  494  981 -2.00 
 165   43  541  811 1.29 
 165   43  541  896 -2.00 
 165   43  541  981 -2.00 
 165  128  541  896 1.43 
 165  128  541  981 -2.00 
 165  213  541  981 1.43 
