  27   43  458  811 2.86 
  27   43  458  896 2.86 
  27   43  458  981 2.86 
  27   43  511  725 2.71 
  27   43  511  811 3.57 
  27   43  511  896 3.71 
  27   43  511  981 3.29 
  27   43  565  725 2.71 
  27   43  565  811 4.43 
  27   43  565  896 4.00 
  27   43  565  981 3.29 
  27   43  619  725 2.71 
  27   43  619  811 4.29 
  27   43  619  896 4.57 
  27   43  619  981 3.57 
  27  128  458  896 3.14 
  27  128  458  981 2.86 
  27  128  511  811 3.71 
  27  128  511  896 3.57 
  27  128  511  981 3.14 
  27  128  565  811 4.71 
  27  128  565  896 3.86 
  27  128  565  981 3.43 
  27  128  619  725 2.86 
  27  128  619  811 4.57 
  27  128  619  896 3.57 
  27  128  619  981 3.29 
  27  213  458  981 2.57 
  27  213  511  896 3.14 
  27  213  511  981 3.00 
  27  213  565  896 3.43 
  27  213  565  981 3.43 
  27  213  619  811 4.14 
  27  213  619  896 3.29 
  27  213  619  981 3.29 
  27  299  511  981 2.86 
  27  299  565  981 3.29 
  27  299  619  896 3.29 
  27  299  619  981 3.14 
  81   43  458  981 -2.00 
  81   43  511  811 4.43 
  81   43  511  896 4.29 
  81   43  511  981 3.14 
  81   43  565  725 2.86 
  81   43  565  811 4.43 
  81   43  565  896 4.00 
  81   43  565  981 3.43 
  81   43  619  725 2.71 
  81   43  619  811 3.71 
  81   43  619  896 3.86 
  81   43  619  981 3.29 
  81  128  511  896 3.71 
  81  128  511  981 3.14 
  81  128  565  811 4.43 
  81  128  565  896 3.43 
  81  128  565  981 3.29 
  81  128  619  811 4.43 
  81  128  619  896 3.29 
  81  128  619  981 3.29 
  81  213  511  981 3.29 
  81  213  565  896 3.29 
  81  213  565  981 3.14 
  81  213  619  896 3.43 
  81  213  619  981 3.14 
  81  299  565  981 3.14 
  81  299  619  981 3.14 
 135   43  511  981 -2.00 
 135   43  565  811 3.86 
 135   43  565  896 3.43 
 135   43  565  981 3.43 
 135   43  619  725 2.86 
 135   43  619  811 3.57 
 135   43  619  896 3.43 
 135   43  619  981 3.57 
 135  128  565  896 3.43 
 135  128  565  981 3.29 
 135  128  619  811 3.57 
 135  128  619  896 3.14 
 135  128  619  981 3.14 
 135  213  565  981 3.43 
 135  213  619  896 3.29 
 135  213  619  981 3.14 
 135  299  619  981 3.14 
 188   43  565  981 -2.00 
 188   43  619  811 2.14 
 188   43  619  896 2.29 
 188   43  619  981 2.14 
 188  128  619  896 2.14 
 188  128  619  981 2.29 
 188  213  619  981 2.14 
