  43   43  725  811 3.43 
  43   43  725  896 3.57 
  43   43  725  981 3.71 
  43   43  811  725 3.43 
  43   43  811  811 3.43 
  43   43  811  896 3.43 
  43   43  811  981 3.57 
  43   43  896  725 3.00 
  43   43  896  811 3.14 
  43   43  896  896 3.43 
  43   43  896  981 3.57 
  43   43  981  725 3.14 
  43   43  981  811 3.14 
  43   43  981  896 3.43 
  43   43  981  981 3.43 
  43  128  725  896 3.71 
  43  128  725  981 4.00 
  43  128  811  811 3.29 
  43  128  811  896 3.57 
  43  128  811  981 4.14 
  43  128  896  811 3.43 
  43  128  896  896 3.86 
  43  128  896  981 3.57 
  43  128  981  725 3.29 
  43  128  981  811 3.29 
  43  128  981  896 3.29 
  43  128  981  981 3.57 
  43  213  725  981 3.29 
  43  213  811  896 3.71 
  43  213  811  981 3.57 
  43  213  896  896 3.29 
  43  213  896  981 3.14 
  43  213  981  811 3.57 
  43  213  981  896 3.29 
  43  213  981  981 3.00 
  43  299  811  981 3.00 
  43  299  896  981 2.43 
  43  299  981  896 2.71 
  43  299  981  981 2.57 
 128   43  725  981 3.00 
 128   43  811  811 2.57 
 128   43  811  896 2.86 
 128   43  811  981 3.00 
 128   43  896  725 2.71 
 128   43  896  811 2.71 
 128   43  896  896 3.00 
 128   43  896  981 2.57 
 128   43  981  725 2.43 
 128   43  981  811 2.71 
 128   43  981  896 2.57 
 128   43  981  981 2.57 
 128  128  811  896 3.00 
 128  128  811  981 2.86 
 128  128  896  811 2.57 
 128  128  896  896 2.86 
 128  128  896  981 3.00 
 128  128  981  811 2.57 
 128  128  981  896 2.43 
 128  128  981  981 2.43 
 128  213  811  981 2.57 
 128  213  896  896 2.43 
 128  213  896  981 3.00 
 128  213  981  896 2.71 
 128  213  981  981 2.43 
 128  299  896  981 2.57 
 128  299  981  981 2.29 
 213   43  811  981 1.00 
 213   43  896  811 1.00 
 213   43  896  896 1.00 
 213   43  896  981 1.00 
 213   43  981  725 1.00 
 213   43  981  811 1.00 
 213   43  981  896 1.00 
 213   43  981  981 1.00 
 213  128  896  896 1.14 
 213  128  896  981 1.00 
 213  128  981  811 1.00 
 213  128  981  896 1.29 
 213  128  981  981 1.00 
 213  213  896  981 1.00 
 213  213  981  896 1.00 
 213  213  981  981 1.00 
 213  299  981  981 1.00 
 299   43  896  981 1.29 
 299   43  981  811 1.43 
 299   43  981  896 1.71 
 299   43  981  981 1.43 
 299  128  981  896 1.57 
 299  128  981  981 1.57 
 299  213  981  981 1.43 
