  22   43  373  811 3.00 
  22   43  373  896 -2.00 
  22   43  373  981 -2.00 
  22   43  416  725 2.14 
  22   43  416  811 3.14 
  22   43  416  896 3.57 
  22   43  416  981 -2.00 
  22   43  460  725 2.00 
  22   43  460  811 3.29 
  22   43  460  896 3.86 
  22   43  460  981 3.43 
  22   43  504  725 2.14 
  22   43  504  811 3.29 
  22   43  504  896 3.57 
  22   43  504  981 3.57 
  22  128  373  896 3.43 
  22  128  373  981 -2.00 
  22  128  416  811 3.86 
  22  128  416  896 3.57 
  22  128  416  981 3.43 
  22  128  460  811 3.29 
  22  128  460  896 3.86 
  22  128  460  981 3.86 
  22  128  504  725 2.29 
  22  128  504  811 3.14 
  22  128  504  896 3.29 
  22  128  504  981 3.00 
  22  213  373  981 3.29 
  22  213  416  896 4.14 
  22  213  416  981 3.14 
  22  213  460  896 4.14 
  22  213  460  981 3.00 
  22  213  504  811 3.14 
  22  213  504  896 3.14 
  22  213  504  981 3.14 
  22  299  416  981 3.29 
  22  299  460  981 3.29 
  22  299  504  896 3.29 
  22  299  504  981 3.43 
  66   43  373  981 -2.00 
  66   43  416  811 2.29 
  66   43  416  896 -2.00 
  66   43  416  981 -2.00 
  66   43  460  725 2.14 
  66   43  460  811 2.14 
  66   43  460  896 2.29 
  66   43  460  981 -2.00 
  66   43  504  725 1.86 
  66   43  504  811 2.14 
  66   43  504  896 2.29 
  66   43  504  981 2.57 
  66  128  416  896 2.43 
  66  128  416  981 -2.00 
  66  128  460  811 2.14 
  66  128  460  896 2.14 
  66  128  460  981 2.29 
  66  128  504  811 2.14 
  66  128  504  896 2.43 
  66  128  504  981 2.29 
  66  213  416  981 2.14 
  66  213  460  896 2.29 
  66  213  460  981 2.29 
  66  213  504  896 2.29 
  66  213  504  981 2.43 
  66  299  460  981 2.14 
  66  299  504  981 2.14 
 110   43  416  981 -2.00 
 110   43  460  811 1.14 
 110   43  460  896 -2.00 
 110   43  460  981 -2.00 
 110   43  504  725 1.14 
 110   43  504  811 1.29 
 110   43  504  896 1.14 
 110   43  504  981 -2.00 
 110  128  460  896 1.29 
 110  128  460  981 -2.00 
 110  128  504  811 1.14 
 110  128  504  896 1.29 
 110  128  504  981 1.14 
 110  213  460  981 1.29 
 110  213  504  896 1.14 
 110  213  504  981 1.29 
 110  299  504  981 1.14 
 153   43  460  981 -2.00 
 153   43  504  811 1.00 
 153   43  504  896 -2.00 
 153   43  504  981 -2.00 
 153  128  504  896 1.00 
 153  128  504  981 -2.00 
 153  213  504  981 1.00 
