  27   43  455  811 1.57 
  27   43  455  896 1.71 
  27   43  455  981 1.71 
  27   43  509  725 3.43 
  27   43  509  811 2.71 
  27   43  509  896 2.86 
  27   43  509  981 3.43 
  27   43  563  725 3.43 
  27   43  563  811 3.14 
  27   43  563  896 3.43 
  27   43  563  981 3.86 
  27   43  616  725 3.14 
  27   43  616  811 3.29 
  27   43  616  896 3.29 
  27   43  616  981 3.71 
  27  128  455  896 1.57 
  27  128  455  981 2.14 
  27  128  509  811 2.71 
  27  128  509  896 3.00 
  27  128  509  981 3.14 
  27  128  563  811 3.29 
  27  128  563  896 3.29 
  27  128  563  981 3.86 
  27  128  616  725 3.29 
  27  128  616  811 3.29 
  27  128  616  896 3.43 
  27  128  616  981 3.71 
  27  213  455  981 1.86 
  27  213  509  896 3.71 
  27  213  509  981 3.71 
  27  213  563  896 3.71 
  27  213  563  981 4.14 
  27  213  616  811 3.00 
  27  213  616  896 3.43 
  27  213  616  981 4.29 
  27  299  509  981 2.86 
  27  299  563  981 2.86 
  27  299  616  896 2.86 
  27  299  616  981 2.57 
  80   43  455  981 -2.00 
  80   43  509  811 2.86 
  80   43  509  896 3.00 
  80   43  509  981 3.00 
  80   43  563  725 3.43 
  80   43  563  811 3.00 
  80   43  563  896 3.43 
  80   43  563  981 3.43 
  80   43  616  725 3.14 
  80   43  616  811 3.14 
  80   43  616  896 3.43 
  80   43  616  981 3.86 
  80  128  509  896 3.29 
  80  128  509  981 3.43 
  80  128  563  811 3.29 
  80  128  563  896 3.86 
  80  128  563  981 4.29 
  80  128  616  811 3.29 
  80  128  616  896 3.43 
  80  128  616  981 3.71 
  80  213  509  981 3.71 
  80  213  563  896 4.29 
  80  213  563  981 4.57 
  80  213  616  896 4.00 
  80  213  616  981 4.14 
  80  299  563  981 2.86 
  80  299  616  981 2.57 
 134   43  509  981 -2.00 
 134   43  563  811 3.14 
 134   43  563  896 3.86 
 134   43  563  981 3.86 
 134   43  616  725 3.00 
 134   43  616  811 3.14 
 134   43  616  896 3.14 
 134   43  616  981 3.29 
 134  128  563  896 3.86 
 134  128  563  981 3.86 
 134  128  616  811 3.43 
 134  128  616  896 3.57 
 134  128  616  981 3.57 
 134  213  563  981 4.29 
 134  213  616  896 4.00 
 134  213  616  981 3.71 
 134  299  616  981 2.57 
 188   43  563  981 -2.00 
 188   43  616  811 2.71 
 188   43  616  896 2.43 
 188   43  616  981 2.57 
 188  128  616  896 2.43 
 188  128  616  981 2.71 
 188  213  616  981 3.29 
