  26   43  439  811 2.29 
  26   43  439  896 2.86 
  26   43  439  981 -2.00 
  26   43  491  725 3.14 
  26   43  491  811 2.86 
  26   43  491  896 3.71 
  26   43  491  981 3.57 
  26   43  543  725 3.43 
  26   43  543  811 3.14 
  26   43  543  896 3.71 
  26   43  543  981 3.71 
  26   43  594  725 3.43 
  26   43  594  811 3.57 
  26   43  594  896 4.14 
  26   43  594  981 3.71 
  26  128  439  896 2.00 
  26  128  439  981 2.43 
  26  128  491  811 3.29 
  26  128  491  896 3.43 
  26  128  491  981 3.29 
  26  128  543  811 3.57 
  26  128  543  896 3.86 
  26  128  543  981 3.14 
  26  128  594  725 3.57 
  26  128  594  811 3.57 
  26  128  594  896 3.43 
  26  128  594  981 3.43 
  26  213  439  981 2.57 
  26  213  491  896 3.14 
  26  213  491  981 3.29 
  26  213  543  896 3.14 
  26  213  543  981 3.29 
  26  213  594  811 3.57 
  26  213  594  896 3.14 
  26  213  594  981 3.57 
  26  299  491  981 2.57 
  26  299  543  981 2.57 
  26  299  594  896 3.00 
  26  299  594  981 2.86 
  78   43  439  981 -2.00 
  78   43  491  811 3.43 
  78   43  491  896 3.71 
  78   43  491  981 -2.00 
  78   43  543  725 3.57 
  78   43  543  811 3.57 
  78   43  543  896 3.86 
  78   43  543  981 3.57 
  78   43  594  725 3.43 
  78   43  594  811 3.71 
  78   43  594  896 4.14 
  78   43  594  981 3.71 
  78  128  491  896 3.86 
  78  128  491  981 3.43 
  78  128  543  811 3.86 
  78  128  543  896 3.43 
  78  128  543  981 3.29 
  78  128  594  811 3.43 
  78  128  594  896 3.43 
  78  128  594  981 3.43 
  78  213  491  981 3.43 
  78  213  543  896 3.29 
  78  213  543  981 3.57 
  78  213  594  896 3.29 
  78  213  594  981 3.14 
  78  299  543  981 2.71 
  78  299  594  981 2.71 
 129   43  491  981 -2.00 
 129   43  543  811 3.29 
 129   43  543  896 3.57 
 129   43  543  981 -2.00 
 129   43  594  725 3.57 
 129   43  594  811 3.14 
 129   43  594  896 3.29 
 129   43  594  981 3.00 
 129  128  543  896 3.43 
 129  128  543  981 3.29 
 129  128  594  811 3.57 
 129  128  594  896 3.43 
 129  128  594  981 3.14 
 129  213  543  981 3.43 
 129  213  594  896 3.57 
 129  213  594  981 3.29 
 129  299  594  981 2.71 
 181   43  543  981 -2.00 
 181   43  594  811 3.14 
 181   43  594  896 3.14 
 181   43  594  981 -2.00 
 181  128  594  896 2.71 
 181  128  594  981 2.86 
 181  213  594  981 3.00 
