  43   39  725  739 3.29 
  43   39  725  817 3.86 
  43   39  725  895 4.14 
  43   39  811  662 3.14 
  43   39  811  739 3.57 
  43   39  811  817 4.43 
  43   39  811  895 4.71 
  43   39  896  662 3.00 
  43   39  896  739 3.14 
  43   39  896  817 3.57 
  43   39  896  895 4.00 
  43   39  981  662 3.00 
  43   39  981  739 3.29 
  43   39  981  817 3.29 
  43   39  981  895 3.29 
  43  117  725  817 3.43 
  43  117  725  895 2.86 
  43  117  811  739 4.57 
  43  117  811  817 3.57 
  43  117  811  895 3.43 
  43  117  896  739 3.71 
  43  117  896  817 3.57 
  43  117  896  895 3.29 
  43  117  981  662 3.14 
  43  117  981  739 3.14 
  43  117  981  817 3.14 
  43  117  981  895 3.00 
  43  195  725  895 1.86 
  43  195  811  817 2.00 
  43  195  811  895 2.00 
  43  195  896  817 2.00 
  43  195  896  895 2.00 
  43  195  981  739 2.00 
  43  195  981  817 2.00 
  43  195  981  895 2.00 
  43  272  811  895 1.00 
  43  272  896  895 1.00 
  43  272  981  817 1.14 
  43  272  981  895 1.14 
 128   39  725  895 3.71 
 128   39  811  739 3.00 
 128   39  811  817 3.29 
 128   39  811  895 4.00 
 128   39  896  662 2.71 
 128   39  896  739 2.71 
 128   39  896  817 3.14 
 128   39  896  895 3.29 
 128   39  981  662 2.71 
 128   39  981  739 2.71 
 128   39  981  817 2.71 
 128   39  981  895 2.86 
 128  117  811  817 3.57 
 128  117  811  895 2.71 
 128  117  896  739 3.00 
 128  117  896  817 3.00 
 128  117  896  895 3.00 
 128  117  981  739 2.86 
 128  117  981  817 2.86 
 128  117  981  895 2.86 
 128  195  811  895 2.00 
 128  195  896  817 2.00 
 128  195  896  895 2.00 
 128  195  981  817 2.00 
 128  195  981  895 1.86 
 128  272  896  895 1.00 
 128  272  981  895 1.00 
 213   39  811  895 3.57 
 213   39  896  739 2.71 
 213   39  896  817 3.00 
 213   39  896  895 3.00 
 213   39  981  662 2.71 
 213   39  981  739 2.71 
 213   39  981  817 2.86 
 213   39  981  895 2.86 
 213  117  896  817 2.71 
 213  117  896  895 2.71 
 213  117  981  739 2.86 
 213  117  981  817 2.86 
 213  117  981  895 2.71 
 213  195  896  895 1.86 
 213  195  981  817 1.86 
 213  195  981  895 1.86 
 213  272  981  895 1.00 
 299   39  896  895 3.14 
 299   39  981  739 2.71 
 299   39  981  817 2.86 
 299   39  981  895 3.29 
 299  117  981  817 2.86 
 299  117  981  895 2.71 
 299  195  981  895 1.86 
