  24   43  406  811 1.71 
  24   43  406  896 -2.00 
  24   43  406  981 -2.00 
  24   43  454  725 2.57 
  24   43  454  811 2.43 
  24   43  454  896 2.43 
  24   43  454  981 2.71 
  24   43  501  725 3.29 
  24   43  501  811 3.00 
  24   43  501  896 3.00 
  24   43  501  981 3.00 
  24   43  549  725 3.57 
  24   43  549  811 3.00 
  24   43  549  896 3.00 
  24   43  549  981 3.00 
  24  128  406  896 1.71 
  24  128  406  981 -2.00 
  24  128  454  811 2.43 
  24  128  454  896 2.57 
  24  128  454  981 2.71 
  24  128  501  811 3.00 
  24  128  501  896 3.00 
  24  128  501  981 3.43 
  24  128  549  725 3.43 
  24  128  549  811 3.00 
  24  128  549  896 3.00 
  24  128  549  981 3.00 
  24  213  406  981 1.71 
  24  213  454  896 3.00 
  24  213  454  981 3.00 
  24  213  501  896 3.71 
  24  213  501  981 4.43 
  24  213  549  811 3.14 
  24  213  549  896 3.71 
  24  213  549  981 4.43 
  24  299  454  981 2.57 
  24  299  501  981 3.43 
  24  299  549  896 4.00 
  24  299  549  981 3.57 
  72   43  406  981 -2.00 
  72   43  454  811 2.29 
  72   43  454  896 -2.00 
  72   43  454  981 -2.00 
  72   43  501  725 3.29 
  72   43  501  811 3.00 
  72   43  501  896 3.00 
  72   43  501  981 3.00 
  72   43  549  725 3.29 
  72   43  549  811 3.00 
  72   43  549  896 3.00 
  72   43  549  981 3.00 
  72  128  454  896 2.29 
  72  128  454  981 -2.00 
  72  128  501  811 3.00 
  72  128  501  896 3.00 
  72  128  501  981 3.29 
  72  128  549  811 3.00 
  72  128  549  896 3.00 
  72  128  549  981 3.00 
  72  213  454  981 3.00 
  72  213  501  896 3.14 
  72  213  501  981 4.29 
  72  213  549  896 3.43 
  72  213  549  981 3.86 
  72  299  501  981 3.14 
  72  299  549  981 3.57 
 119   43  454  981 -2.00 
 119   43  501  811 3.00 
 119   43  501  896 -2.00 
 119   43  501  981 -2.00 
 119   43  549  725 2.86 
 119   43  549  811 2.86 
 119   43  549  896 2.86 
 119   43  549  981 2.86 
 119  128  501  896 3.00 
 119  128  501  981 -2.00 
 119  128  549  811 2.86 
 119  128  549  896 2.86 
 119  128  549  981 2.86 
 119  213  501  981 3.00 
 119  213  549  896 2.86 
 119  213  549  981 3.00 
 119  299  549  981 3.14 
 167   43  501  981 -2.00 
 167   43  549  811 1.14 
 167   43  549  896 -2.00 
 167   43  549  981 -2.00 
 167  128  549  896 1.29 
 167  128  549  981 -2.00 
 167  213  549  981 1.14 
