  28   43  473  811 3.29 
  28   43  473  896 4.29 
  28   43  473  981 4.57 
  28   43  529  725 2.14 
  28   43  529  811 3.14 
  28   43  529  896 4.57 
  28   43  529  981 4.57 
  28   43  585  725 2.29 
  28   43  585  811 3.00 
  28   43  585  896 4.43 
  28   43  585  981 4.43 
  28   43  640  725 2.57 
  28   43  640  811 3.57 
  28   43  640  896 4.00 
  28   43  640  981 4.00 
  28  128  473  896 4.29 
  28  128  473  981 4.00 
  28  128  529  811 3.86 
  28  128  529  896 4.43 
  28  128  529  981 4.00 
  28  128  585  811 4.00 
  28  128  585  896 4.14 
  28  128  585  981 4.00 
  28  128  640  725 2.86 
  28  128  640  811 3.71 
  28  128  640  896 3.71 
  28  128  640  981 3.57 
  28  213  473  981 2.71 
  28  213  529  896 3.00 
  28  213  529  981 2.71 
  28  213  585  896 3.00 
  28  213  585  981 2.43 
  28  213  640  811 3.57 
  28  213  640  896 2.86 
  28  213  640  981 2.57 
  28  299  529  981 2.14 
  28  299  585  981 2.00 
  28  299  640  896 2.43 
  28  299  640  981 2.43 
  84   43  473  981 -2.00 
  84   43  529  811 2.86 
  84   43  529  896 4.14 
  84   43  529  981 4.14 
  84   43  585  725 1.86 
  84   43  585  811 3.14 
  84   43  585  896 3.86 
  84   43  585  981 4.29 
  84   43  640  725 2.29 
  84   43  640  811 2.57 
  84   43  640  896 3.57 
  84   43  640  981 3.43 
  84  128  529  896 4.14 
  84  128  529  981 4.00 
  84  128  585  811 3.57 
  84  128  585  896 3.86 
  84  128  585  981 3.86 
  84  128  640  811 3.43 
  84  128  640  896 3.43 
  84  128  640  981 3.29 
  84  213  529  981 2.71 
  84  213  585  896 2.43 
  84  213  585  981 2.71 
  84  213  640  896 2.86 
  84  213  640  981 2.71 
  84  299  585  981 2.00 
  84  299  640  981 2.57 
 139   43  529  981 -2.00 
 139   43  585  811 2.57 
 139   43  585  896 2.86 
 139   43  585  981 3.00 
 139   43  640  725 2.00 
 139   43  640  811 2.57 
 139   43  640  896 3.00 
 139   43  640  981 3.00 
 139  128  585  896 3.43 
 139  128  585  981 3.00 
 139  128  640  811 2.86 
 139  128  640  896 3.14 
 139  128  640  981 2.86 
 139  213  585  981 2.57 
 139  213  640  896 2.71 
 139  213  640  981 2.43 
 139  299  640  981 2.00 
 195   43  585  981 -2.00 
 195   43  640  811 1.43 
 195   43  640  896 1.57 
 195   43  640  981 1.57 
 195  128  640  896 1.57 
 195  128  640  981 1.57 
 195  213  640  981 1.29 
