  24   43  404  811 4.00 
  24   43  404  896 -2.00 
  24   43  404  981 -2.00 
  24   43  451  725 3.86 
  24   43  451  811 3.71 
  24   43  451  896 3.43 
  24   43  451  981 3.86 
  24   43  499  725 3.29 
  24   43  499  811 3.29 
  24   43  499  896 3.14 
  24   43  499  981 3.14 
  24   43  546  725 3.43 
  24   43  546  811 3.29 
  24   43  546  896 3.43 
  24   43  546  981 3.14 
  24  128  404  896 3.29 
  24  128  404  981 -2.00 
  24  128  451  811 3.29 
  24  128  451  896 3.29 
  24  128  451  981 3.29 
  24  128  499  811 3.14 
  24  128  499  896 3.00 
  24  128  499  981 3.29 
  24  128  546  725 3.29 
  24  128  546  811 3.14 
  24  128  546  896 3.14 
  24  128  546  981 3.29 
  24  213  404  981 3.86 
  24  213  451  896 3.14 
  24  213  451  981 3.86 
  24  213  499  896 3.29 
  24  213  499  981 3.29 
  24  213  546  811 3.00 
  24  213  546  896 3.14 
  24  213  546  981 3.14 
  24  299  451  981 3.71 
  24  299  499  981 3.00 
  24  299  546  896 3.29 
  24  299  546  981 3.29 
  71   43  404  981 -2.00 
  71   43  451  811 3.43 
  71   43  451  896 -2.00 
  71   43  451  981 -2.00 
  71   43  499  725 3.29 
  71   43  499  811 3.29 
  71   43  499  896 3.14 
  71   43  499  981 3.57 
  71   43  546  725 3.14 
  71   43  546  811 3.29 
  71   43  546  896 3.29 
  71   43  546  981 3.29 
  71  128  451  896 3.14 
  71  128  451  981 -2.00 
  71  128  499  811 3.14 
  71  128  499  896 3.29 
  71  128  499  981 3.29 
  71  128  546  811 3.14 
  71  128  546  896 3.00 
  71  128  546  981 3.29 
  71  213  451  981 3.29 
  71  213  499  896 3.14 
  71  213  499  981 3.43 
  71  213  546  896 3.14 
  71  213  546  981 3.14 
  71  299  499  981 3.00 
  71  299  546  981 3.00 
 119   43  451  981 -2.00 
 119   43  499  811 3.43 
 119   43  499  896 -2.00 
 119   43  499  981 -2.00 
 119   43  546  725 3.71 
 119   43  546  811 3.29 
 119   43  546  896 3.00 
 119   43  546  981 3.14 
 119  128  499  896 3.29 
 119  128  499  981 -2.00 
 119  128  546  811 3.14 
 119  128  546  896 3.29 
 119  128  546  981 3.00 
 119  213  499  981 3.29 
 119  213  546  896 3.00 
 119  213  546  981 3.43 
 119  299  546  981 3.43 
 166   43  499  981 -2.00 
 166   43  546  811 3.00 
 166   43  546  896 -2.00 
 166   43  546  981 -2.00 
 166  128  546  896 2.86 
 166  128  546  981 -2.00 
 166  213  546  981 3.00 
