  27   43  456  811 1.57 
  27   43  456  896 1.86 
  27   43  456  981 1.71 
  27   43  510  725 1.86 
  27   43  510  811 2.00 
  27   43  510  896 2.43 
  27   43  510  981 3.00 
  27   43  564  725 2.14 
  27   43  564  811 2.29 
  27   43  564  896 3.29 
  27   43  564  981 4.29 
  27   43  617  725 2.14 
  27   43  617  811 2.71 
  27   43  617  896 3.14 
  27   43  617  981 4.57 
  27  128  456  896 2.14 
  27  128  456  981 2.00 
  27  128  510  811 1.86 
  27  128  510  896 2.71 
  27  128  510  981 3.00 
  27  128  564  811 2.71 
  27  128  564  896 3.86 
  27  128  564  981 4.00 
  27  128  617  725 2.57 
  27  128  617  811 2.86 
  27  128  617  896 3.57 
  27  128  617  981 4.00 
  27  213  456  981 2.29 
  27  213  510  896 2.29 
  27  213  510  981 2.57 
  27  213  564  896 3.29 
  27  213  564  981 3.71 
  27  213  617  811 2.86 
  27  213  617  896 3.57 
  27  213  617  981 3.86 
  27  299  510  981 2.29 
  27  299  564  981 2.43 
  27  299  617  896 2.43 
  27  299  617  981 2.57 
  81   43  456  981 -2.00 
  81   43  510  811 2.00 
  81   43  510  896 2.43 
  81   43  510  981 3.29 
  81   43  564  725 1.86 
  81   43  564  811 2.00 
  81   43  564  896 3.14 
  81   43  564  981 3.86 
  81   43  617  725 2.29 
  81   43  617  811 2.57 
  81   43  617  896 3.43 
  81   43  617  981 4.14 
  81  128  510  896 2.43 
  81  128  510  981 3.00 
  81  128  564  811 2.29 
  81  128  564  896 3.57 
  81  128  564  981 3.86 
  81  128  617  811 2.71 
  81  128  617  896 3.43 
  81  128  617  981 4.00 
  81  213  510  981 2.71 
  81  213  564  896 3.00 
  81  213  564  981 3.14 
  81  213  617  896 3.43 
  81  213  617  981 3.57 
  81  299  564  981 2.29 
  81  299  617  981 2.43 
 134   43  510  981 -2.00 
 134   43  564  811 2.71 
 134   43  564  896 2.86 
 134   43  564  981 3.00 
 134   43  617  725 2.43 
 134   43  617  811 2.43 
 134   43  617  896 3.14 
 134   43  617  981 3.29 
 134  128  564  896 3.29 
 134  128  564  981 3.00 
 134  128  617  811 2.43 
 134  128  617  896 3.00 
 134  128  617  981 3.00 
 134  213  564  981 2.71 
 134  213  617  896 2.71 
 134  213  617  981 2.71 
 134  299  617  981 2.29 
 188   43  564  981 -2.00 
 188   43  617  811 2.00 
 188   43  617  896 2.14 
 188   43  617  981 2.29 
 188  128  617  896 2.57 
 188  128  617  981 2.29 
 188  213  617  981 2.14 
