  29   43  499  811 1.29 
  29   43  499  896 1.14 
  29   43  499  981 1.14 
  29   43  558  725 2.00 
  29   43  558  811 2.00 
  29   43  558  896 1.86 
  29   43  558  981 1.86 
  29   43  617  725 2.57 
  29   43  617  811 2.43 
  29   43  617  896 2.43 
  29   43  617  981 2.43 
  29   43  676  725 3.71 
  29   43  676  811 4.00 
  29   43  676  896 3.57 
  29   43  676  981 3.29 
  29  128  499  896 1.29 
  29  128  499  981 1.14 
  29  128  558  811 1.71 
  29  128  558  896 1.43 
  29  128  558  981 1.57 
  29  128  617  811 2.14 
  29  128  617  896 1.86 
  29  128  617  981 1.71 
  29  128  676  725 2.29 
  29  128  676  811 2.29 
  29  128  676  896 1.86 
  29  128  676  981 1.86 
  29  213  499  981 1.00 
  29  213  558  896 1.29 
  29  213  558  981 1.29 
  29  213  617  896 1.29 
  29  213  617  981 1.14 
  29  213  676  811 1.29 
  29  213  676  896 1.29 
  29  213  676  981 1.29 
  29  299  558  981 1.00 
  29  299  617  981 1.00 
  29  299  676  896 1.00 
  29  299  676  981 1.00 
  88   43  499  981 -2.00 
  88   43  558  811 2.29 
  88   43  558  896 2.00 
  88   43  558  981 1.71 
  88   43  617  725 2.57 
  88   43  617  811 2.86 
  88   43  617  896 2.43 
  88   43  617  981 2.43 
  88   43  676  725 3.71 
  88   43  676  811 3.86 
  88   43  676  896 3.57 
  88   43  676  981 3.43 
  88  128  558  896 1.57 
  88  128  558  981 1.43 
  88  128  617  811 2.00 
  88  128  617  896 1.57 
  88  128  617  981 1.57 
  88  128  676  811 2.00 
  88  128  676  896 1.71 
  88  128  676  981 1.86 
  88  213  558  981 1.14 
  88  213  617  896 1.43 
  88  213  617  981 1.29 
  88  213  676  896 1.29 
  88  213  676  981 1.29 
  88  299  617  981 1.00 
  88  299  676  981 1.00 
 147   43  558  981 -2.00 
 147   43  617  811 3.00 
 147   43  617  896 2.86 
 147   43  617  981 2.29 
 147   43  676  725 3.57 
 147   43  676  811 4.14 
 147   43  676  896 3.57 
 147   43  676  981 3.57 
 147  128  617  896 1.86 
 147  128  617  981 1.71 
 147  128  676  811 1.86 
 147  128  676  896 1.86 
 147  128  676  981 1.71 
 147  213  617  981 1.00 
 147  213  676  896 1.29 
 147  213  676  981 1.00 
 147  299  676  981 1.00 
 206   43  617  981 -2.00 
 206   43  676  811 4.14 
 206   43  676  896 3.86 
 206   43  676  981 3.14 
 206  128  676  896 2.00 
 206  128  676  981 2.00 
 206  213  676  981 1.29 
