  25   43  424  811 3.71 
  25   43  424  896 3.29 
  25   43  424  981 -2.00 
  25   43  473  725 3.29 
  25   43  473  811 3.57 
  25   43  473  896 3.14 
  25   43  473  981 3.14 
  25   43  523  725 3.43 
  25   43  523  811 3.29 
  25   43  523  896 3.00 
  25   43  523  981 3.00 
  25   43  573  725 3.43 
  25   43  573  811 3.43 
  25   43  573  896 3.00 
  25   43  573  981 3.00 
  25  128  424  896 2.86 
  25  128  424  981 2.71 
  25  128  473  811 3.00 
  25  128  473  896 2.71 
  25  128  473  981 2.86 
  25  128  523  811 2.86 
  25  128  523  896 2.86 
  25  128  523  981 2.86 
  25  128  573  725 2.86 
  25  128  573  811 2.86 
  25  128  573  896 2.86 
  25  128  573  981 2.71 
  25  213  424  981 2.43 
  25  213  473  896 2.00 
  25  213  473  981 2.00 
  25  213  523  896 2.00 
  25  213  523  981 2.00 
  25  213  573  811 2.00 
  25  213  573  896 2.00 
  25  213  573  981 2.00 
  25  299  473  981 1.00 
  25  299  523  981 1.00 
  25  299  573  896 1.00 
  25  299  573  981 1.00 
  75   43  424  981 -2.00 
  75   43  473  811 2.00 
  75   43  473  896 1.71 
  75   43  473  981 -2.00 
  75   43  523  725 1.57 
  75   43  523  811 1.86 
  75   43  523  896 1.71 
  75   43  523  981 1.71 
  75   43  573  725 1.86 
  75   43  573  811 1.71 
  75   43  573  896 1.86 
  75   43  573  981 1.86 
  75  128  473  896 1.57 
  75  128  473  981 1.57 
  75  128  523  811 1.71 
  75  128  523  896 1.86 
  75  128  523  981 1.71 
  75  128  573  811 1.86 
  75  128  573  896 1.71 
  75  128  573  981 1.86 
  75  213  473  981 1.86 
  75  213  523  896 1.71 
  75  213  523  981 1.86 
  75  213  573  896 1.71 
  75  213  573  981 1.71 
  75  299  523  981 1.00 
  75  299  573  981 1.00 
 125   43  473  981 -2.00 
 125   43  523  811 1.00 
 125   43  523  896 1.00 
 125   43  523  981 -2.00 
 125   43  573  725 1.00 
 125   43  573  811 1.00 
 125   43  573  896 1.00 
 125   43  573  981 1.00 
 125  128  523  896 1.00 
 125  128  523  981 1.29 
 125  128  573  811 1.14 
 125  128  573  896 1.14 
 125  128  573  981 1.14 
 125  213  523  981 1.00 
 125  213  573  896 1.00 
 125  213  573  981 1.14 
 125  299  573  981 1.29 
 174   43  523  981 -2.00 
 174   43  573  811 1.43 
 174   43  573  896 1.43 
 174   43  573  981 -2.00 
 174  128  573  896 1.29 
 174  128  573  981 1.29 
 174  213  573  981 1.29 
