  29   43  485  811 2.71 
  29   43  485  896 2.29 
  29   43  485  981 2.29 
  29   43  542  725 2.86 
  29   43  542  811 3.14 
  29   43  542  896 3.29 
  29   43  542  981 2.86 
  29   43  599  725 2.86 
  29   43  599  811 3.14 
  29   43  599  896 3.29 
  29   43  599  981 3.29 
  29   43  656  725 3.71 
  29   43  656  811 3.86 
  29   43  656  896 4.00 
  29   43  656  981 4.00 
  29  128  485  896 2.71 
  29  128  485  981 2.29 
  29  128  542  811 2.57 
  29  128  542  896 3.00 
  29  128  542  981 2.71 
  29  128  599  811 2.71 
  29  128  599  896 2.86 
  29  128  599  981 2.71 
  29  128  656  725 3.29 
  29  128  656  811 3.00 
  29  128  656  896 3.00 
  29  128  656  981 2.43 
  29  213  485  981 2.00 
  29  213  542  896 1.86 
  29  213  542  981 2.14 
  29  213  599  896 2.00 
  29  213  599  981 1.86 
  29  213  656  811 2.57 
  29  213  656  896 2.14 
  29  213  656  981 1.71 
  29  299  542  981 1.29 
  29  299  599  981 1.43 
  29  299  656  896 1.43 
  29  299  656  981 1.29 
  86   43  485  981 -2.00 
  86   43  542  811 3.43 
  86   43  542  896 3.43 
  86   43  542  981 2.86 
  86   43  599  725 3.29 
  86   43  599  811 3.86 
  86   43  599  896 3.86 
  86   43  599  981 4.14 
  86   43  656  725 4.00 
  86   43  656  811 4.43 
  86   43  656  896 4.43 
  86   43  656  981 5.00 
  86  128  542  896 3.14 
  86  128  542  981 3.00 
  86  128  599  811 3.00 
  86  128  599  896 2.86 
  86  128  599  981 2.71 
  86  128  656  811 3.71 
  86  128  656  896 3.14 
  86  128  656  981 3.00 
  86  213  542  981 2.29 
  86  213  599  896 2.00 
  86  213  599  981 2.14 
  86  213  656  896 1.86 
  86  213  656  981 1.71 
  86  299  599  981 1.29 
  86  299  656  981 1.43 
 143   43  542  981 -2.00 
 143   43  599  811 4.14 
 143   43  599  896 4.29 
 143   43  599  981 4.71 
 143   43  656  725 3.43 
 143   43  656  811 3.71 
 143   43  656  896 4.71 
 143   43  656  981 4.86 
 143  128  599  896 3.29 
 143  128  599  981 3.14 
 143  128  656  811 3.43 
 143  128  656  896 2.86 
 143  128  656  981 2.86 
 143  213  599  981 1.71 
 143  213  656  896 2.00 
 143  213  656  981 2.00 
 143  299  656  981 1.29 
 200   43  599  981 -2.00 
 200   43  656  811 3.71 
 200   43  656  896 3.71 
 200   43  656  981 3.71 
 200  128  656  896 3.00 
 200  128  656  981 3.29 
 200  213  656  981 2.00 
