  29   43  494  811 2.29 
  29   43  494  896 2.00 
  29   43  494  981 2.14 
  29   43  552  725 2.86 
  29   43  552  811 2.86 
  29   43  552  896 2.86 
  29   43  552  981 2.57 
  29   43  610  725 3.14 
  29   43  610  811 2.29 
  29   43  610  896 2.71 
  29   43  610  981 2.71 
  29   43  668  725 3.43 
  29   43  668  811 2.57 
  29   43  668  896 3.43 
  29   43  668  981 4.43 
  29  128  494  896 2.57 
  29  128  494  981 2.29 
  29  128  552  811 2.86 
  29  128  552  896 2.71 
  29  128  552  981 2.86 
  29  128  610  811 2.71 
  29  128  610  896 2.57 
  29  128  610  981 2.71 
  29  128  668  725 3.14 
  29  128  668  811 3.00 
  29  128  668  896 3.57 
  29  128  668  981 4.29 
  29  213  494  981 2.14 
  29  213  552  896 2.86 
  29  213  552  981 2.29 
  29  213  610  896 2.14 
  29  213  610  981 2.29 
  29  213  668  811 2.71 
  29  213  668  896 3.29 
  29  213  668  981 3.71 
  29  299  552  981 2.14 
  29  299  610  981 1.86 
  29  299  668  896 3.00 
  29  299  668  981 3.29 
  87   43  494  981 -2.00 
  87   43  552  811 2.71 
  87   43  552  896 2.86 
  87   43  552  981 2.71 
  87   43  610  725 3.00 
  87   43  610  811 2.43 
  87   43  610  896 2.86 
  87   43  610  981 2.86 
  87   43  668  725 2.71 
  87   43  668  811 2.43 
  87   43  668  896 2.86 
  87   43  668  981 4.29 
  87  128  552  896 3.14 
  87  128  552  981 2.86 
  87  128  610  811 2.43 
  87  128  610  896 3.00 
  87  128  610  981 3.00 
  87  128  668  811 2.57 
  87  128  668  896 3.29 
  87  128  668  981 4.00 
  87  213  552  981 2.57 
  87  213  610  896 2.29 
  87  213  610  981 2.14 
  87  213  668  896 3.00 
  87  213  668  981 3.14 
  87  299  610  981 2.00 
  87  299  668  981 3.14 
 145   43  552  981 -2.00 
 145   43  610  811 2.57 
 145   43  610  896 3.00 
 145   43  610  981 3.14 
 145   43  668  725 3.14 
 145   43  668  811 2.29 
 145   43  668  896 3.43 
 145   43  668  981 4.43 
 145  128  610  896 3.14 
 145  128  610  981 3.00 
 145  128  668  811 2.57 
 145  128  668  896 3.29 
 145  128  668  981 4.71 
 145  213  610  981 2.29 
 145  213  668  896 2.71 
 145  213  668  981 3.43 
 145  299  668  981 2.86 
 203   43  610  981 -2.00 
 203   43  668  811 2.43 
 203   43  668  896 2.86 
 203   43  668  981 4.43 
 203  128  668  896 3.14 
 203  128  668  981 3.86 
 203  213  668  981 3.29 
