  33   43  555  811 5.00 
  33   43  555  896 3.43 
  33   43  555  981 2.86 
  33   43  621  725 2.86 
  33   43  621  811 4.86 
  33   43  621  896 3.71 
  33   43  621  981 3.14 
  33   43  686  725 2.57 
  33   43  686  811 4.86 
  33   43  686  896 3.43 
  33   43  686  981 3.29 
  33   43  751  725 2.71 
  33   43  751  811 4.43 
  33   43  751  896 3.57 
  33   43  751  981 3.00 
  33  128  555  896 2.00 
  33  128  555  981 2.14 
  33  128  621  811 2.43 
  33  128  621  896 2.00 
  33  128  621  981 2.14 
  33  128  686  811 2.29 
  33  128  686  896 2.29 
  33  128  686  981 1.71 
  33  128  751  725 2.00 
  33  128  751  811 2.29 
  33  128  751  896 2.14 
  33  128  751  981 2.14 
  33  213  555  981 1.14 
  33  213  621  896 1.00 
  33  213  621  981 1.00 
  33  213  686  896 1.00 
  33  213  686  981 1.29 
  33  213  751  811 1.14 
  33  213  751  896 1.14 
  33  213  751  981 1.00 
  33  299  621  981 1.43 
  33  299  686  981 1.57 
  33  299  751  896 1.57 
  33  299  751  981 1.71 
  98   43  555  981 2.86 
  98   43  621  811 5.00 
  98   43  621  896 3.43 
  98   43  621  981 2.86 
  98   43  686  725 2.71 
  98   43  686  811 4.86 
  98   43  686  896 3.43 
  98   43  686  981 2.86 
  98   43  751  725 2.71 
  98   43  751  811 4.86 
  98   43  751  896 3.71 
  98   43  751  981 3.14 
  98  128  621  896 2.00 
  98  128  621  981 2.00 
  98  128  686  811 2.29 
  98  128  686  896 2.29 
  98  128  686  981 2.00 
  98  128  751  811 2.14 
  98  128  751  896 2.14 
  98  128  751  981 2.00 
  98  213  621  981 1.00 
  98  213  686  896 1.00 
  98  213  686  981 1.14 
  98  213  751  896 1.00 
  98  213  751  981 1.29 
  98  299  686  981 1.57 
  98  299  751  981 1.43 
 163   43  621  981 2.00 
 163   43  686  811 2.43 
 163   43  686  896 2.29 
 163   43  686  981 2.00 
 163   43  751  725 2.29 
 163   43  751  811 2.43 
 163   43  751  896 2.43 
 163   43  751  981 2.00 
 163  128  686  896 2.14 
 163  128  686  981 2.00 
 163  128  751  811 2.14 
 163  128  751  896 1.71 
 163  128  751  981 1.71 
 163  213  686  981 1.00 
 163  213  751  896 1.00 
 163  213  751  981 1.14 
 163  299  751  981 1.29 
 229   43  686  981 1.14 
 229   43  751  811 1.14 
 229   43  751  896 1.00 
 229   43  751  981 1.00 
 229  128  751  896 1.14 
 229  128  751  981 1.00 
 229  213  751  981 1.00 
