  26   43  440  811 3.14 
  26   43  440  896 3.43 
  26   43  440  981 -2.00 
  26   43  492  725 2.29 
  26   43  492  811 3.86 
  26   43  492  896 4.29 
  26   43  492  981 3.86 
  26   43  543  725 2.43 
  26   43  543  811 4.00 
  26   43  543  896 4.29 
  26   43  543  981 4.14 
  26   43  595  725 2.14 
  26   43  595  811 4.29 
  26   43  595  896 4.29 
  26   43  595  981 4.00 
  26  128  440  896 2.71 
  26  128  440  981 2.29 
  26  128  492  811 2.57 
  26  128  492  896 2.71 
  26  128  492  981 2.57 
  26  128  543  811 2.86 
  26  128  543  896 2.71 
  26  128  543  981 2.57 
  26  128  595  725 2.86 
  26  128  595  811 2.57 
  26  128  595  896 2.57 
  26  128  595  981 2.71 
  26  213  440  981 2.29 
  26  213  492  896 2.43 
  26  213  492  981 2.57 
  26  213  543  896 2.86 
  26  213  543  981 2.71 
  26  213  595  811 2.71 
  26  213  595  896 2.57 
  26  213  595  981 2.43 
  26  299  492  981 2.14 
  26  299  543  981 2.43 
  26  299  595  896 2.57 
  26  299  595  981 2.29 
  78   43  440  981 -2.00 
  78   43  492  811 4.14 
  78   43  492  896 4.43 
  78   43  492  981 -2.00 
  78   43  543  725 2.29 
  78   43  543  811 3.71 
  78   43  543  896 4.29 
  78   43  543  981 4.14 
  78   43  595  725 2.29 
  78   43  595  811 3.86 
  78   43  595  896 3.71 
  78   43  595  981 3.86 
  78  128  492  896 2.43 
  78  128  492  981 2.29 
  78  128  543  811 3.00 
  78  128  543  896 2.57 
  78  128  543  981 2.57 
  78  128  595  811 3.00 
  78  128  595  896 2.71 
  78  128  595  981 2.57 
  78  213  492  981 2.43 
  78  213  543  896 2.86 
  78  213  543  981 2.71 
  78  213  595  896 2.57 
  78  213  595  981 2.57 
  78  299  543  981 2.43 
  78  299  595  981 2.14 
 129   43  492  981 -2.00 
 129   43  543  811 2.71 
 129   43  543  896 2.71 
 129   43  543  981 -2.00 
 129   43  595  725 2.29 
 129   43  595  811 2.86 
 129   43  595  896 2.86 
 129   43  595  981 2.86 
 129  128  543  896 2.43 
 129  128  543  981 2.29 
 129  128  595  811 2.57 
 129  128  595  896 2.29 
 129  128  595  981 2.14 
 129  213  543  981 2.71 
 129  213  595  896 2.86 
 129  213  595  981 2.57 
 129  299  595  981 2.14 
 181   43  543  981 -2.00 
 181   43  595  811 1.57 
 181   43  595  896 1.43 
 181   43  595  981 -2.00 
 181  128  595  896 1.57 
 181  128  595  981 1.43 
 181  213  595  981 2.57 
