  43   37  725  695 1.00 
  43   37  725  768 1.00 
  43   37  725  841 1.14 
  43   37  811  622 2.57 
  43   37  811  695 1.29 
  43   37  811  768 1.00 
  43   37  811  841 2.00 
  43   37  896  622 2.29 
  43   37  896  695 1.29 
  43   37  896  768 1.43 
  43   37  896  841 2.43 
  43   37  981  622 2.29 
  43   37  981  695 1.29 
  43   37  981  768 1.57 
  43   37  981  841 3.86 
  43  110  725  768 1.14 
  43  110  725  841 1.71 
  43  110  811  695 1.14 
  43  110  811  768 1.14 
  43  110  811  841 2.00 
  43  110  896  695 1.29 
  43  110  896  768 1.43 
  43  110  896  841 2.43 
  43  110  981  622 2.14 
  43  110  981  695 1.29 
  43  110  981  768 1.57 
  43  110  981  841 3.86 
  43  183  725  841 1.71 
  43  183  811  768 1.00 
  43  183  811  841 2.00 
  43  183  896  768 1.29 
  43  183  896  841 2.57 
  43  183  981  695 1.29 
  43  183  981  768 1.43 
  43  183  981  841 3.86 
  43  256  811  841 2.00 
  43  256  896  841 2.43 
  43  256  981  768 1.29 
  43  256  981  841 3.29 
 128   37  725  841 1.43 
 128   37  811  695 1.29 
 128   37  811  768 1.14 
 128   37  811  841 2.29 
 128   37  896  622 2.29 
 128   37  896  695 1.43 
 128   37  896  768 1.43 
 128   37  896  841 2.57 
 128   37  981  622 2.57 
 128   37  981  695 1.43 
 128   37  981  768 1.43 
 128   37  981  841 3.71 
 128  110  811  768 1.14 
 128  110  811  841 2.43 
 128  110  896  695 1.29 
 128  110  896  768 1.29 
 128  110  896  841 2.57 
 128  110  981  695 1.43 
 128  110  981  768 1.57 
 128  110  981  841 4.00 
 128  183  811  841 2.43 
 128  183  896  768 1.14 
 128  183  896  841 2.71 
 128  183  981  768 1.43 
 128  183  981  841 3.86 
 128  256  896  841 2.86 
 128  256  981  841 3.71 
 213   37  811  841 2.29 
 213   37  896  695 1.29 
 213   37  896  768 1.14 
 213   37  896  841 2.71 
 213   37  981  622 2.43 
 213   37  981  695 1.43 
 213   37  981  768 1.43 
 213   37  981  841 3.29 
 213  110  896  768 1.57 
 213  110  896  841 2.43 
 213  110  981  695 1.29 
 213  110  981  768 1.71 
 213  110  981  841 3.86 
 213  183  896  841 3.00 
 213  183  981  768 1.43 
 213  183  981  841 4.00 
 213  256  981  841 3.57 
 299   37  896  841 2.43 
 299   37  981  695 1.29 
 299   37  981  768 1.29 
 299   37  981  841 3.71 
 299  110  981  768 1.57 
 299  110  981  841 3.43 
 299  183  981  841 3.57 
