  25   43  420  811 3.43 
  25   43  420  896 3.14 
  25   43  420  981 -2.00 
  25   43  469  725 3.14 
  25   43  469  811 4.00 
  25   43  469  896 3.71 
  25   43  469  981 3.43 
  25   43  519  725 3.14 
  25   43  519  811 4.00 
  25   43  519  896 3.86 
  25   43  519  981 3.29 
  25   43  568  725 3.14 
  25   43  568  811 3.86 
  25   43  568  896 3.43 
  25   43  568  981 3.29 
  25  128  420  896 3.00 
  25  128  420  981 2.86 
  25  128  469  811 3.86 
  25  128  469  896 3.43 
  25  128  469  981 3.14 
  25  128  519  811 3.71 
  25  128  519  896 3.43 
  25  128  519  981 2.86 
  25  128  568  725 3.71 
  25  128  568  811 3.86 
  25  128  568  896 3.29 
  25  128  568  981 2.86 
  25  213  420  981 2.86 
  25  213  469  896 3.00 
  25  213  469  981 2.71 
  25  213  519  896 3.00 
  25  213  519  981 3.00 
  25  213  568  811 3.57 
  25  213  568  896 3.00 
  25  213  568  981 2.86 
  25  299  469  981 2.86 
  25  299  519  981 2.86 
  25  299  568  896 2.86 
  25  299  568  981 2.57 
  74   43  420  981 -2.00 
  74   43  469  811 1.86 
  74   43  469  896 1.71 
  74   43  469  981 -2.00 
  74   43  519  725 1.86 
  74   43  519  811 1.86 
  74   43  519  896 1.86 
  74   43  519  981 1.86 
  74   43  568  725 1.71 
  74   43  568  811 1.86 
  74   43  568  896 1.86 
  74   43  568  981 1.86 
  74  128  469  896 1.86 
  74  128  469  981 1.86 
  74  128  519  811 1.86 
  74  128  519  896 2.00 
  74  128  519  981 1.86 
  74  128  568  811 1.71 
  74  128  568  896 2.00 
  74  128  568  981 1.71 
  74  213  469  981 1.71 
  74  213  519  896 2.00 
  74  213  519  981 1.86 
  74  213  568  896 2.00 
  74  213  568  981 1.86 
  74  299  519  981 1.71 
  74  299  568  981 1.71 
 124   43  469  981 -2.00 
 124   43  519  811 1.00 
 124   43  519  896 1.00 
 124   43  519  981 -2.00 
 124   43  568  725 1.00 
 124   43  568  811 1.00 
 124   43  568  896 1.00 
 124   43  568  981 1.00 
 124  128  519  896 1.00 
 124  128  519  981 1.00 
 124  128  568  811 1.00 
 124  128  568  896 1.00 
 124  128  568  981 1.00 
 124  213  519  981 1.00 
 124  213  568  896 1.00 
 124  213  568  981 1.00 
 124  299  568  981 1.00 
 173   43  519  981 -2.00 
 173   43  568  811 1.00 
 173   43  568  896 1.29 
 173   43  568  981 -2.00 
 173  128  568  896 1.00 
 173  128  568  981 1.00 
 173  213  568  981 1.00 
