  39   43  666  811 3.71 
  39   43  666  896 3.86 
  39   43  666  981 4.14 
  39   43  744  725 4.14 
  39   43  744  811 4.00 
  39   43  744  896 4.14 
  39   43  744  981 3.14 
  39   43  823  725 3.29 
  39   43  823  811 4.00 
  39   43  823  896 3.71 
  39   43  823  981 3.43 
  39   43  901  725 3.86 
  39   43  901  811 3.57 
  39   43  901  896 4.00 
  39   43  901  981 3.43 
  39  128  666  896 2.00 
  39  128  666  981 2.14 
  39  128  744  811 2.00 
  39  128  744  896 2.00 
  39  128  744  981 2.29 
  39  128  823  811 2.14 
  39  128  823  896 2.14 
  39  128  823  981 2.43 
  39  128  901  725 2.14 
  39  128  901  811 2.29 
  39  128  901  896 2.29 
  39  128  901  981 2.29 
  39  213  666  981 1.00 
  39  213  744  896 1.00 
  39  213  744  981 1.00 
  39  213  823  896 1.00 
  39  213  823  981 1.00 
  39  213  901  811 1.00 
  39  213  901  896 1.00 
  39  213  901  981 1.00 
  39  299  744  981 1.00 
  39  299  823  981 1.00 
  39  299  901  896 1.00 
  39  299  901  981 1.00 
 118   43  666  981 3.00 
 118   43  744  811 3.14 
 118   43  744  896 2.86 
 118   43  744  981 2.43 
 118   43  823  725 3.00 
 118   43  823  811 2.71 
 118   43  823  896 2.71 
 118   43  823  981 2.43 
 118   43  901  725 3.14 
 118   43  901  811 2.86 
 118   43  901  896 2.86 
 118   43  901  981 2.71 
 118  128  744  896 2.00 
 118  128  744  981 2.00 
 118  128  823  811 2.00 
 118  128  823  896 2.29 
 118  128  823  981 2.14 
 118  128  901  811 2.29 
 118  128  901  896 2.00 
 118  128  901  981 2.00 
 118  213  744  981 1.00 
 118  213  823  896 1.00 
 118  213  823  981 1.00 
 118  213  901  896 1.00 
 118  213  901  981 1.00 
 118  299  823  981 1.00 
 118  299  901  981 1.00 
 196   43  744  981 1.71 
 196   43  823  811 1.86 
 196   43  823  896 1.71 
 196   43  823  981 1.57 
 196   43  901  725 1.71 
 196   43  901  811 1.57 
 196   43  901  896 2.14 
 196   43  901  981 1.71 
 196  128  823  896 1.43 
 196  128  823  981 1.43 
 196  128  901  811 1.57 
 196  128  901  896 1.43 
 196  128  901  981 1.43 
 196  213  823  981 1.00 
 196  213  901  896 1.00 
 196  213  901  981 1.14 
 196  299  901  981 1.00 
 274   43  823  981 1.00 
 274   43  901  811 1.00 
 274   43  901  896 1.00 
 274   43  901  981 1.00 
 274  128  901  896 1.00 
 274  128  901  981 1.00 
 274  213  901  981 1.00 
