  37   43  628  811 1.57 
  37   43  628  896 2.00 
  37   43  628  981 3.29 
  37   43  702  725 1.14 
  37   43  702  811 2.00 
  37   43  702  896 2.43 
  37   43  702  981 4.00 
  37   43  776  725 1.00 
  37   43  776  811 2.14 
  37   43  776  896 2.71 
  37   43  776  981 3.57 
  37   43  850  725 1.14 
  37   43  850  811 1.71 
  37   43  850  896 2.29 
  37   43  850  981 3.43 
  37  128  628  896 2.29 
  37  128  628  981 3.86 
  37  128  702  811 1.86 
  37  128  702  896 2.43 
  37  128  702  981 3.57 
  37  128  776  811 1.86 
  37  128  776  896 2.71 
  37  128  776  981 4.00 
  37  128  850  725 1.00 
  37  128  850  811 1.71 
  37  128  850  896 2.86 
  37  128  850  981 3.86 
  37  213  628  981 3.57 
  37  213  702  896 3.00 
  37  213  702  981 3.71 
  37  213  776  896 2.86 
  37  213  776  981 3.86 
  37  213  850  811 2.14 
  37  213  850  896 2.71 
  37  213  850  981 4.00 
  37  299  702  981 4.14 
  37  299  776  981 4.29 
  37  299  850  896 3.14 
  37  299  850  981 4.57 
 111   43  628  981 3.57 
 111   43  702  811 2.00 
 111   43  702  896 2.00 
 111   43  702  981 3.86 
 111   43  776  725 1.14 
 111   43  776  811 1.71 
 111   43  776  896 2.71 
 111   43  776  981 4.00 
 111   43  850  725 1.14 
 111   43  850  811 1.71 
 111   43  850  896 2.43 
 111   43  850  981 3.14 
 111  128  702  896 2.43 
 111  128  702  981 4.00 
 111  128  776  811 2.14 
 111  128  776  896 2.57 
 111  128  776  981 3.86 
 111  128  850  811 2.14 
 111  128  850  896 2.71 
 111  128  850  981 3.43 
 111  213  702  981 4.00 
 111  213  776  896 3.43 
 111  213  776  981 3.86 
 111  213  850  896 3.00 
 111  213  850  981 4.29 
 111  299  776  981 4.71 
 111  299  850  981 4.14 
 185   43  702  981 2.00 
 185   43  776  811 1.86 
 185   43  776  896 2.00 
 185   43  776  981 2.14 
 185   43  850  725 1.00 
 185   43  850  811 2.00 
 185   43  850  896 2.14 
 185   43  850  981 2.86 
 185  128  776  896 2.14 
 185  128  776  981 2.86 
 185  128  850  811 1.57 
 185  128  850  896 2.57 
 185  128  850  981 2.29 
 185  213  776  981 3.00 
 185  213  850  896 2.43 
 185  213  850  981 2.86 
 185  299  850  981 3.00 
 259   43  776  981 2.00 
 259   43  850  811 1.57 
 259   43  850  896 1.43 
 259   43  850  981 1.71 
 259  128  850  896 1.86 
 259  128  850  981 2.14 
 259  213  850  981 2.00 
