  43   34  725  640 1.86 
  43   34  725  708 1.29 
  43   34  725  775 1.29 
  43   34  811  573 1.86 
  43   34  811  640 2.71 
  43   34  811  708 2.86 
  43   34  811  775 1.29 
  43   34  896  573 2.14 
  43   34  896  640 3.00 
  43   34  896  708 2.71 
  43   34  896  775 3.57 
  43   34  981  573 3.00 
  43   34  981  640 2.86 
  43   34  981  708 3.43 
  43   34  981  775 3.57 
  43  101  725  708 1.29 
  43  101  725  775 2.00 
  43  101  811  640 2.71 
  43  101  811  708 3.29 
  43  101  811  775 2.00 
  43  101  896  640 3.57 
  43  101  896  708 3.29 
  43  101  896  775 3.86 
  43  101  981  573 3.43 
  43  101  981  640 3.29 
  43  101  981  708 4.14 
  43  101  981  775 4.00 
  43  169  725  775 2.00 
  43  169  811  708 3.00 
  43  169  811  775 3.00 
  43  169  896  708 4.00 
  43  169  896  775 3.00 
  43  169  981  640 3.57 
  43  169  981  708 3.56 
  43  169  981  775 3.00 
  43  236  811  775 2.57 
  43  236  896  775 3.43 
  43  236  981  708 3.14 
  43  236  981  775 3.14 
 128   34  725  775 2.14 
 128   34  811  640 2.43 
 128   34  811  708 2.57 
 128   34  811  775 3.29 
 128   34  896  573 3.00 
 128   34  896  640 3.00 
 128   34  896  708 3.43 
 128   34  896  775 3.29 
 128   34  981  573 3.00 
 128   34  981  640 3.43 
 128   34  981  708 3.29 
 128   34  981  775 3.14 
 128  101  811  708 2.57 
 128  101  811  775 3.00 
 128  101  896  640 3.14 
 128  101  896  708 3.00 
 128  101  896  775 3.00 
 128  101  981  640 3.43 
 128  101  981  708 3.00 
 128  101  981  775 4.00 
 128  169  811  775 3.14 
 128  169  896  708 3.00 
 128  169  896  775 3.00 
 128  169  981  708 4.00 
 128  169  981  775 3.57 
 128  236  896  775 3.29 
 128  236  981  775 3.43 
 213   34  811  775 3.14 
 213   34  896  640 3.43 
 213   34  896  708 3.14 
 213   34  896  775 3.14 
 213   34  981  573 2.29 
 213   34  981  640 3.14 
 213   34  981  708 3.14 
 213   34  981  775 3.00 
 213  101  896  708 3.00 
 213  101  896  775 3.00 
 213  101  981  640 3.14 
 213  101  981  708 3.00 
 213  101  981  775 3.00 
 213  169  896  775 3.14 
 213  169  981  708 4.00 
 213  169  981  775 3.00 
 213  236  981  775 3.00 
 299   34  896  775 2.00 
 299   34  981  640 2.29 
 299   34  981  708 2.29 
 299   34  981  775 2.29 
 299  101  981  708 2.43 
 299  101  981  775 3.14 
 299  169  981  775 2.29 
