  23   43  383  811 1.14 
  23   43  383  896 -2.00 
  23   43  383  981 -2.00 
  23   43  428  725 1.71 
  23   43  428  811 1.57 
  23   43  428  896 1.57 
  23   43  428  981 -2.00 
  23   43  473  725 2.71 
  23   43  473  811 2.86 
  23   43  473  896 3.00 
  23   43  473  981 2.71 
  23   43  518  725 3.57 
  23   43  518  811 4.14 
  23   43  518  896 3.57 
  23   43  518  981 3.57 
  23  128  383  896 1.00 
  23  128  383  981 -2.00 
  23  128  428  811 1.71 
  23  128  428  896 1.71 
  23  128  428  981 1.57 
  23  128  473  811 2.86 
  23  128  473  896 2.57 
  23  128  473  981 2.71 
  23  128  518  725 4.14 
  23  128  518  811 4.00 
  23  128  518  896 3.14 
  23  128  518  981 3.14 
  23  213  383  981 1.14 
  23  213  428  896 1.71 
  23  213  428  981 1.57 
  23  213  473  896 2.57 
  23  213  473  981 2.71 
  23  213  518  811 3.57 
  23  213  518  896 3.29 
  23  213  518  981 3.29 
  23  299  428  981 1.57 
  23  299  473  981 2.71 
  23  299  518  896 3.14 
  23  299  518  981 3.43 
  68   43  383  981 -2.00 
  68   43  428  811 1.71 
  68   43  428  896 -2.00 
  68   43  428  981 -2.00 
  68   43  473  725 2.71 
  68   43  473  811 3.00 
  68   43  473  896 3.00 
  68   43  473  981 -2.00 
  68   43  518  725 3.57 
  68   43  518  811 4.00 
  68   43  518  896 3.43 
  68   43  518  981 3.71 
  68  128  428  896 1.71 
  68  128  428  981 -2.00 
  68  128  473  811 2.71 
  68  128  473  896 2.86 
  68  128  473  981 2.86 
  68  128  518  811 3.86 
  68  128  518  896 3.14 
  68  128  518  981 3.14 
  68  213  428  981 1.57 
  68  213  473  896 2.57 
  68  213  473  981 2.57 
  68  213  518  896 3.14 
  68  213  518  981 3.29 
  68  299  473  981 2.57 
  68  299  518  981 3.14 
 113   43  428  981 -2.00 
 113   43  473  811 3.43 
 113   43  473  896 -2.00 
 113   43  473  981 -2.00 
 113   43  518  725 3.43 
 113   43  518  811 4.14 
 113   43  518  896 4.00 
 113   43  518  981 -2.00 
 113  128  473  896 2.86 
 113  128  473  981 -2.00 
 113  128  518  811 4.00 
 113  128  518  896 3.57 
 113  128  518  981 3.43 
 113  213  473  981 2.86 
 113  213  518  896 3.43 
 113  213  518  981 3.43 
 113  299  518  981 3.43 
 158   43  473  981 -2.00 
 158   43  518  811 4.43 
 158   43  518  896 -2.00 
 158   43  518  981 -2.00 
 158  128  518  896 3.57 
 158  128  518  981 -2.00 
 158  213  518  981 3.71 
