  25   43  424  811 1.00 
  25   43  424  896 1.29 
  25   43  424  981 -2.00 
  25   43  474  725 1.00 
  25   43  474  811 1.43 
  25   43  474  896 1.71 
  25   43  474  981 1.86 
  25   43  524  725 1.00 
  25   43  524  811 1.57 
  25   43  524  896 2.71 
  25   43  524  981 3.00 
  25   43  574  725 1.00 
  25   43  574  811 1.71 
  25   43  574  896 2.86 
  25   43  574  981 3.14 
  25  128  424  896 1.29 
  25  128  424  981 1.29 
  25  128  474  811 1.29 
  25  128  474  896 2.14 
  25  128  474  981 2.00 
  25  128  524  811 1.71 
  25  128  524  896 2.71 
  25  128  524  981 3.14 
  25  128  574  725 1.00 
  25  128  574  811 1.71 
  25  128  574  896 3.00 
  25  128  574  981 3.71 
  25  213  424  981 1.29 
  25  213  474  896 2.00 
  25  213  474  981 2.00 
  25  213  524  896 2.86 
  25  213  524  981 3.00 
  25  213  574  811 1.71 
  25  213  574  896 3.00 
  25  213  574  981 4.00 
  25  299  474  981 2.14 
  25  299  524  981 3.00 
  25  299  574  896 3.43 
  25  299  574  981 4.14 
  75   43  424  981 -2.00 
  75   43  474  811 1.00 
  75   43  474  896 2.00 
  75   43  474  981 -2.00 
  75   43  524  725 1.14 
  75   43  524  811 1.43 
  75   43  524  896 2.71 
  75   43  524  981 3.00 
  75   43  574  725 1.00 
  75   43  574  811 1.71 
  75   43  574  896 2.86 
  75   43  574  981 3.14 
  75  128  474  896 2.00 
  75  128  474  981 2.00 
  75  128  524  811 1.71 
  75  128  524  896 2.71 
  75  128  524  981 3.00 
  75  128  574  811 1.43 
  75  128  574  896 3.00 
  75  128  574  981 4.00 
  75  213  474  981 2.00 
  75  213  524  896 3.00 
  75  213  524  981 3.29 
  75  213  574  896 3.00 
  75  213  574  981 4.29 
  75  299  524  981 3.29 
  75  299  574  981 4.29 
 125   43  474  981 -2.00 
 125   43  524  811 1.43 
 125   43  524  896 2.57 
 125   43  524  981 -2.00 
 125   43  574  725 1.00 
 125   43  574  811 1.57 
 125   43  574  896 3.00 
 125   43  574  981 3.14 
 125  128  524  896 2.86 
 125  128  524  981 3.29 
 125  128  574  811 1.57 
 125  128  574  896 3.00 
 125  128  574  981 3.86 
 125  213  524  981 4.00 
 125  213  574  896 3.14 
 125  213  574  981 4.43 
 125  299  574  981 4.43 
 175   43  524  981 -2.00 
 175   43  574  811 1.29 
 175   43  574  896 2.86 
 175   43  574  981 -2.00 
 175  128  574  896 3.00 
 175  128  574  981 3.43 
 175  213  574  981 4.29 
