  43   28  725  538 3.71 
  43   28  725  594 4.14 
  43   28  725  651 3.86 
  43   28  811  481 2.14 
  43   28  811  538 3.57 
  43   28  811  594 4.29 
  43   28  811  651 3.86 
  43   28  896  481 2.14 
  43   28  896  538 3.57 
  43   28  896  594 4.43 
  43   28  896  651 4.14 
  43   28  981  481 -2.00 
  43   28  981  538 3.57 
  43   28  981  594 4.00 
  43   28  981  651 4.29 
  43   85  725  594 4.00 
  43   85  725  651 3.71 
  43   85  811  538 4.00 
  43   85  811  594 4.00 
  43   85  811  651 3.43 
  43   85  896  538 3.86 
  43   85  896  594 3.71 
  43   85  896  651 3.57 
  43   85  981  481 -2.00 
  43   85  981  538 -2.00 
  43   85  981  594 3.86 
  43   85  981  651 3.57 
  43  141  725  651 3.29 
  43  141  811  594 3.57 
  43  141  811  651 3.43 
  43  141  896  594 3.57 
  43  141  896  651 3.57 
  43  141  981  538 -2.00 
  43  141  981  594 -2.00 
  43  141  981  651 3.29 
  43  198  811  651 3.29 
  43  198  896  651 3.00 
  43  198  981  594 -2.00 
  43  198  981  651 -2.00 
 128   28  725  651 3.57 
 128   28  811  538 3.00 
 128   28  811  594 3.14 
 128   28  811  651 3.29 
 128   28  896  481 2.14 
 128   28  896  538 2.86 
 128   28  896  594 3.29 
 128   28  896  651 3.14 
 128   28  981  481 2.29 
 128   28  981  538 2.86 
 128   28  981  594 3.29 
 128   28  981  651 3.00 
 128   85  811  594 3.00 
 128   85  811  651 3.00 
 128   85  896  538 3.29 
 128   85  896  594 3.29 
 128   85  896  651 3.00 
 128   85  981  538 3.29 
 128   85  981  594 3.00 
 128   85  981  651 2.71 
 128  141  811  651 3.00 
 128  141  896  594 3.00 
 128  141  896  651 2.86 
 128  141  981  594 3.43 
 128  141  981  651 3.00 
 128  198  896  651 3.00 
 128  198  981  651 3.14 
 213   28  811  651 2.00 
 213   28  896  538 2.14 
 213   28  896  594 2.00 
 213   28  896  651 1.86 
 213   28  981  481 1.71 
 213   28  981  538 2.00 
 213   28  981  594 1.86 
 213   28  981  651 2.00 
 213   85  896  594 2.00 
 213   85  896  651 2.14 
 213   85  981  538 2.00 
 213   85  981  594 2.00 
 213   85  981  651 1.71 
 213  141  896  651 1.86 
 213  141  981  594 2.00 
 213  141  981  651 2.00 
 213  198  981  651 2.00 
 299   28  896  651 1.29 
 299   28  981  538 1.14 
 299   28  981  594 1.14 
 299   28  981  651 1.14 
 299   85  981  594 1.14 
 299   85  981  651 1.43 
 299  141  981  651 1.29 
