  31   43  523  811 1.86 
  31   43  523  896 2.00 
  31   43  523  981 2.00 
  31   43  584  725 2.14 
  31   43  584  811 2.43 
  31   43  584  896 2.71 
  31   43  584  981 2.86 
  31   43  646  725 2.43 
  31   43  646  811 2.86 
  31   43  646  896 3.57 
  31   43  646  981 3.71 
  31   43  707  725 2.00 
  31   43  707  811 3.00 
  31   43  707  896 4.00 
  31   43  707  981 4.29 
  31  128  523  896 2.00 
  31  128  523  981 2.00 
  31  128  584  811 2.57 
  31  128  584  896 2.71 
  31  128  584  981 2.71 
  31  128  646  811 3.57 
  31  128  646  896 3.57 
  31  128  646  981 3.71 
  31  128  707  725 2.43 
  31  128  707  811 3.71 
  31  128  707  896 4.29 
  31  128  707  981 3.86 
  31  213  523  981 2.00 
  31  213  584  896 2.71 
  31  213  584  981 2.57 
  31  213  646  896 3.14 
  31  213  646  981 3.14 
  31  213  707  811 3.71 
  31  213  707  896 3.43 
  31  213  707  981 3.29 
  31  299  584  981 1.86 
  31  299  646  981 2.29 
  31  299  707  896 2.57 
  31  299  707  981 2.29 
  92   43  523  981 2.00 
  92   43  584  811 3.14 
  92   43  584  896 3.14 
  92   43  584  981 3.29 
  92   43  646  725 2.00 
  92   43  646  811 2.86 
  92   43  646  896 3.71 
  92   43  646  981 4.29 
  92   43  707  725 2.00 
  92   43  707  811 3.00 
  92   43  707  896 3.86 
  92   43  707  981 3.86 
  92  128  584  896 3.29 
  92  128  584  981 3.43 
  92  128  646  811 3.43 
  92  128  646  896 3.86 
  92  128  646  981 4.29 
  92  128  707  811 3.71 
  92  128  707  896 4.00 
  92  128  707  981 3.71 
  92  213  584  981 2.71 
  92  213  646  896 3.14 
  92  213  646  981 3.29 
  92  213  707  896 3.86 
  92  213  707  981 3.14 
  92  299  646  981 2.14 
  92  299  707  981 2.29 
 154   43  584  981 3.57 
 154   43  646  811 2.86 
 154   43  646  896 4.14 
 154   43  646  981 4.29 
 154   43  707  725 2.43 
 154   43  707  811 2.71 
 154   43  707  896 3.86 
 154   43  707  981 3.86 
 154  128  646  896 4.00 
 154  128  646  981 3.71 
 154  128  707  811 3.29 
 154  128  707  896 3.71 
 154  128  707  981 3.57 
 154  213  646  981 3.29 
 154  213  707  896 3.29 
 154  213  707  981 3.00 
 154  299  707  981 2.29 
 215   43  646  981 3.71 
 215   43  707  811 2.86 
 215   43  707  896 3.43 
 215   43  707  981 3.57 
 215  128  707  896 3.71 
 215  128  707  981 3.57 
 215  213  707  981 3.14 
