  36   43  611  811 2.71 
  36   43  611  896 2.86 
  36   43  611  981 3.00 
  36   43  682  725 2.57 
  36   43  682  811 3.00 
  36   43  682  896 3.29 
  36   43  682  981 3.43 
  36   43  754  725 2.29 
  36   43  754  811 3.00 
  36   43  754  896 3.14 
  36   43  754  981 3.86 
  36   43  826  725 2.29 
  36   43  826  811 3.00 
  36   43  826  896 3.14 
  36   43  826  981 3.57 
  36  128  611  896 2.86 
  36  128  611  981 3.43 
  36  128  682  811 3.00 
  36  128  682  896 3.57 
  36  128  682  981 4.00 
  36  128  754  811 3.14 
  36  128  754  896 3.57 
  36  128  754  981 4.00 
  36  128  826  725 2.57 
  36  128  826  811 3.43 
  36  128  826  896 3.29 
  36  128  826  981 4.14 
  36  213  611  981 3.29 
  36  213  682  896 4.00 
  36  213  682  981 4.29 
  36  213  754  896 4.00 
  36  213  754  981 4.43 
  36  213  826  811 4.14 
  36  213  826  896 4.71 
  36  213  826  981 4.00 
  36  299  682  981 2.71 
  36  299  754  981 3.14 
  36  299  826  896 3.14 
  36  299  826  981 2.86 
 108   43  611  981 3.29 
 108   43  682  811 3.14 
 108   43  682  896 3.86 
 108   43  682  981 4.14 
 108   43  754  725 2.43 
 108   43  754  811 3.00 
 108   43  754  896 3.14 
 108   43  754  981 3.57 
 108   43  826  725 2.57 
 108   43  826  811 3.00 
 108   43  826  896 3.00 
 108   43  826  981 3.86 
 108  128  682  896 4.14 
 108  128  682  981 4.43 
 108  128  754  811 2.86 
 108  128  754  896 3.43 
 108  128  754  981 4.29 
 108  128  826  811 3.00 
 108  128  826  896 3.43 
 108  128  826  981 3.71 
 108  213  682  981 4.29 
 108  213  754  896 4.71 
 108  213  754  981 4.29 
 108  213  826  896 4.57 
 108  213  826  981 4.43 
 108  299  754  981 3.14 
 108  299  826  981 2.71 
 180   43  682  981 4.71 
 180   43  754  811 3.00 
 180   43  754  896 3.29 
 180   43  754  981 3.86 
 180   43  826  725 2.29 
 180   43  826  811 2.86 
 180   43  826  896 2.71 
 180   43  826  981 3.00 
 180  128  754  896 3.86 
 180  128  754  981 4.43 
 180  128  826  811 3.00 
 180  128  826  896 3.14 
 180  128  826  981 3.71 
 180  213  754  981 4.00 
 180  213  826  896 3.57 
 180  213  826  981 3.29 
 180  299  826  981 2.29 
 251   43  754  981 3.14 
 251   43  826  811 2.57 
 251   43  826  896 2.86 
 251   43  826  981 3.00 
 251  128  826  896 3.00 
 251  128  826  981 3.14 
 251  213  826  981 2.71 
