  27   43  458  811 2.86 
  27   43  458  896 2.00 
  27   43  458  981 3.29 
  27   43  512  725 3.00 
  27   43  512  811 3.43 
  27   43  512  896 3.57 
  27   43  512  981 4.00 
  27   43  566  725 3.00 
  27   43  566  811 3.57 
  27   43  566  896 3.71 
  27   43  566  981 3.86 
  27   43  620  725 3.00 
  27   43  620  811 3.29 
  27   43  620  896 3.29 
  27   43  620  981 3.57 
  27  128  458  896 2.57 
  27  128  458  981 2.00 
  27  128  512  811 4.00 
  27  128  512  896 3.86 
  27  128  512  981 3.14 
  27  128  566  811 3.71 
  27  128  566  896 4.00 
  27  128  566  981 3.71 
  27  128  620  725 3.29 
  27  128  620  811 3.43 
  27  128  620  896 3.29 
  27  128  620  981 3.29 
  27  213  458  981 2.43 
  27  213  512  896 2.57 
  27  213  512  981 2.43 
  27  213  566  896 2.57 
  27  213  566  981 2.43 
  27  213  620  811 2.57 
  27  213  620  896 2.43 
  27  213  620  981 2.43 
  27  299  512  981 1.43 
  27  299  566  981 1.43 
  27  299  620  896 1.57 
  27  299  620  981 1.29 
  81   43  458  981 -2.00 
  81   43  512  811 3.43 
  81   43  512  896 3.86 
  81   43  512  981 4.14 
  81   43  566  725 3.14 
  81   43  566  811 3.29 
  81   43  566  896 3.43 
  81   43  566  981 3.71 
  81   43  620  725 3.00 
  81   43  620  811 3.14 
  81   43  620  896 3.14 
  81   43  620  981 3.29 
  81  128  512  896 4.14 
  81  128  512  981 3.86 
  81  128  566  811 3.57 
  81  128  566  896 3.71 
  81  128  566  981 3.57 
  81  128  620  811 3.29 
  81  128  620  896 3.29 
  81  128  620  981 3.14 
  81  213  512  981 2.57 
  81  213  566  896 2.57 
  81  213  566  981 2.43 
  81  213  620  896 2.57 
  81  213  620  981 2.43 
  81  299  566  981 1.29 
  81  299  620  981 1.57 
 135   43  512  981 -2.00 
 135   43  566  811 3.29 
 135   43  566  896 3.43 
 135   43  566  981 3.43 
 135   43  620  725 3.00 
 135   43  620  811 3.29 
 135   43  620  896 3.29 
 135   43  620  981 3.43 
 135  128  566  896 3.29 
 135  128  566  981 3.14 
 135  128  620  811 3.14 
 135  128  620  896 3.43 
 135  128  620  981 3.29 
 135  213  566  981 2.43 
 135  213  620  896 2.43 
 135  213  620  981 2.43 
 135  299  620  981 1.57 
 189   43  566  981 -2.00 
 189   43  620  811 3.29 
 189   43  620  896 3.43 
 189   43  620  981 3.57 
 189  128  620  896 3.29 
 189  128  620  981 3.29 
 189  213  620  981 2.43 
