  43   33  725  624 3.00 
  43   33  725  690 3.57 
  43   33  725  755 3.57 
  43   33  811  558 3.00 
  43   33  811  624 3.14 
  43   33  811  690 3.14 
  43   33  811  755 3.14 
  43   33  896  558 3.00 
  43   33  896  624 3.00 
  43   33  896  690 3.29 
  43   33  896  755 3.43 
  43   33  981  558 3.57 
  43   33  981  624 4.14 
  43   33  981  690 3.86 
  43   33  981  755 3.71 
  43   99  725  690 3.14 
  43   99  725  755 3.14 
  43   99  811  624 3.14 
  43   99  811  690 3.14 
  43   99  811  755 3.43 
  43   99  896  624 3.57 
  43   99  896  690 3.29 
  43   99  896  755 3.14 
  43   99  981  558 -2.00 
  43   99  981  624 3.57 
  43   99  981  690 3.86 
  43   99  981  755 3.14 
  43  164  725  755 2.71 
  43  164  811  690 2.57 
  43  164  811  755 2.57 
  43  164  896  690 3.14 
  43  164  896  755 2.71 
  43  164  981  624 -2.00 
  43  164  981  690 2.86 
  43  164  981  755 2.57 
  43  230  811  755 1.86 
  43  230  896  755 1.57 
  43  230  981  690 -2.00 
  43  230  981  755 1.71 
 128   33  725  755 2.71 
 128   33  811  624 2.71 
 128   33  811  690 2.71 
 128   33  811  755 2.71 
 128   33  896  558 2.71 
 128   33  896  624 2.71 
 128   33  896  690 2.86 
 128   33  896  755 2.86 
 128   33  981  558 3.14 
 128   33  981  624 2.57 
 128   33  981  690 2.71 
 128   33  981  755 2.86 
 128   99  811  690 2.71 
 128   99  811  755 2.71 
 128   99  896  624 2.71 
 128   99  896  690 2.86 
 128   99  896  755 2.86 
 128   99  981  624 2.57 
 128   99  981  690 3.14 
 128   99  981  755 2.71 
 128  164  811  755 2.57 
 128  164  896  690 2.57 
 128  164  896  755 2.43 
 128  164  981  690 2.57 
 128  164  981  755 2.43 
 128  230  896  755 1.71 
 128  230  981  755 1.71 
 213   33  811  755 1.71 
 213   33  896  624 1.86 
 213   33  896  690 1.71 
 213   33  896  755 1.57 
 213   33  981  558 1.57 
 213   33  981  624 1.71 
 213   33  981  690 1.86 
 213   33  981  755 1.71 
 213   99  896  690 1.71 
 213   99  896  755 1.71 
 213   99  981  624 1.71 
 213   99  981  690 1.71 
 213   99  981  755 1.86 
 213  164  896  755 1.71 
 213  164  981  690 1.86 
 213  164  981  755 1.57 
 213  230  981  755 1.57 
 299   33  896  755 1.00 
 299   33  981  624 1.00 
 299   33  981  690 1.00 
 299   33  981  755 1.00 
 299   99  981  690 1.00 
 299   99  981  755 1.00 
 299  164  981  755 1.00 
