  24   43  416  811 1.00 
  24   43  416  896 1.14 
  24   43  416  981 -2.00 
  24   43  465  725 1.00 
  24   43  465  811 2.29 
  24   43  465  896 2.57 
  24   43  465  981 2.71 
  24   43  514  725 1.29 
  24   43  514  811 2.29 
  24   43  514  896 4.29 
  24   43  514  981 4.29 
  24   43  563  725 1.00 
  24   43  563  811 2.29 
  24   43  563  896 4.00 
  24   43  563  981 4.14 
  24  128  416  896 1.43 
  24  128  416  981 1.43 
  24  128  465  811 1.29 
  24  128  465  896 1.14 
  24  128  465  981 1.14 
  24  128  514  811 1.14 
  24  128  514  896 1.14 
  24  128  514  981 1.14 
  24  128  563  725 1.00 
  24  128  563  811 1.14 
  24  128  563  896 1.14 
  24  128  563  981 1.14 
  24  213  416  981 1.86 
  24  213  465  896 1.71 
  24  213  465  981 2.00 
  24  213  514  896 2.00 
  24  213  514  981 2.00 
  24  213  563  811 1.43 
  24  213  563  896 2.00 
  24  213  563  981 2.00 
  24  299  465  981 1.43 
  24  299  514  981 2.00 
  24  299  563  896 2.29 
  24  299  563  981 2.00 
  73   43  416  981 -2.00 
  73   43  465  811 2.29 
  73   43  465  896 3.43 
  73   43  465  981 -2.00 
  73   43  514  725 1.00 
  73   43  514  811 2.43 
  73   43  514  896 4.14 
  73   43  514  981 4.43 
  73   43  563  725 1.00 
  73   43  563  811 2.43 
  73   43  563  896 4.00 
  73   43  563  981 4.71 
  73  128  465  896 1.14 
  73  128  465  981 1.29 
  73  128  514  811 1.14 
  73  128  514  896 1.14 
  73  128  514  981 1.14 
  73  128  563  811 1.14 
  73  128  563  896 1.14 
  73  128  563  981 1.29 
  73  213  465  981 1.71 
  73  213  514  896 2.14 
  73  213  514  981 2.14 
  73  213  563  896 1.86 
  73  213  563  981 2.29 
  73  299  514  981 2.00 
  73  299  563  981 2.29 
 122   43  465  981 -2.00 
 122   43  514  811 2.43 
 122   43  514  896 4.86 
 122   43  514  981 -2.00 
 122   43  563  725 1.00 
 122   43  563  811 2.43 
 122   43  563  896 4.14 
 122   43  563  981 4.71 
 122  128  514  896 1.14 
 122  128  514  981 1.71 
 122  128  563  811 1.14 
 122  128  563  896 1.14 
 122  128  563  981 1.14 
 122  213  514  981 2.00 
 122  213  563  896 1.86 
 122  213  563  981 2.14 
 122  299  563  981 2.29 
 171   43  514  981 -2.00 
 171   43  563  811 2.29 
 171   43  563  896 4.00 
 171   43  563  981 -2.00 
 171  128  563  896 1.29 
 171  128  563  981 1.71 
 171  213  563  981 2.00 
