  29   43  495  811 1.00 
  29   43  495  896 3.00 
  29   43  495  981 4.00 
  29   43  553  725 1.00 
  29   43  553  811 1.00 
  29   43  553  896 2.86 
  29   43  553  981 4.14 
  29   43  612  725 1.00 
  29   43  612  811 1.00 
  29   43  612  896 2.86 
  29   43  612  981 3.71 
  29   43  670  725 1.00 
  29   43  670  811 1.14 
  29   43  670  896 2.71 
  29   43  670  981 3.57 
  29  128  495  896 3.29 
  29  128  495  981 4.57 
  29  128  553  811 1.00 
  29  128  553  896 3.00 
  29  128  553  981 4.14 
  29  128  612  811 1.00 
  29  128  612  896 3.00 
  29  128  612  981 3.71 
  29  128  670  725 1.00 
  29  128  670  811 1.00 
  29  128  670  896 2.29 
  29  128  670  981 3.71 
  29  213  495  981 4.29 
  29  213  553  896 3.00 
  29  213  553  981 4.29 
  29  213  612  896 2.86 
  29  213  612  981 4.00 
  29  213  670  811 1.00 
  29  213  670  896 2.86 
  29  213  670  981 3.43 
  29  299  553  981 4.57 
  29  299  612  981 3.57 
  29  299  670  896 3.00 
  29  299  670  981 3.71 
  87   43  495  981 -2.00 
  87   43  553  811 1.00 
  87   43  553  896 2.71 
  87   43  553  981 3.86 
  87   43  612  725 1.00 
  87   43  612  811 1.00 
  87   43  612  896 2.71 
  87   43  612  981 3.43 
  87   43  670  725 1.00 
  87   43  670  811 1.00 
  87   43  670  896 2.86 
  87   43  670  981 3.29 
  87  128  553  896 3.00 
  87  128  553  981 4.00 
  87  128  612  811 1.00 
  87  128  612  896 3.00 
  87  128  612  981 3.43 
  87  128  670  811 1.00 
  87  128  670  896 2.86 
  87  128  670  981 3.14 
  87  213  553  981 4.00 
  87  213  612  896 3.00 
  87  213  612  981 3.43 
  87  213  670  896 2.86 
  87  213  670  981 3.14 
  87  299  612  981 3.71 
  87  299  670  981 3.14 
 146   43  553  981 -2.00 
 146   43  612  811 1.00 
 146   43  612  896 2.29 
 146   43  612  981 3.14 
 146   43  670  725 1.00 
 146   43  670  811 1.00 
 146   43  670  896 2.86 
 146   43  670  981 3.14 
 146  128  612  896 3.00 
 146  128  612  981 3.14 
 146  128  670  811 1.00 
 146  128  670  896 3.00 
 146  128  670  981 3.14 
 146  213  612  981 3.14 
 146  213  670  896 1.86 
 146  213  670  981 3.14 
 146  299  670  981 3.00 
 204   43  612  981 -2.00 
 204   43  670  811 1.29 
 204   43  670  896 2.14 
 204   43  670  981 2.14 
 204  128  670  896 2.14 
 204  128  670  981 2.14 
 204  213  670  981 2.29 
