  23   43  387  811 1.57 
  23   43  387  896 -2.00 
  23   43  387  981 -2.00 
  23   43  433  725 2.57 
  23   43  433  811 2.57 
  23   43  433  896 2.71 
  23   43  433  981 -2.00 
  23   43  479  725 3.00 
  23   43  479  811 2.86 
  23   43  479  896 3.00 
  23   43  479  981 2.71 
  23   43  524  725 4.14 
  23   43  524  811 4.00 
  23   43  524  896 3.71 
  23   43  524  981 3.43 
  23  128  387  896 1.57 
  23  128  387  981 -2.00 
  23  128  433  811 2.43 
  23  128  433  896 2.43 
  23  128  433  981 2.29 
  23  128  479  811 2.57 
  23  128  479  896 2.43 
  23  128  479  981 2.43 
  23  128  524  725 3.14 
  23  128  524  811 2.86 
  23  128  524  896 2.43 
  23  128  524  981 2.43 
  23  213  387  981 1.00 
  23  213  433  896 1.43 
  23  213  433  981 1.29 
  23  213  479  896 1.14 
  23  213  479  981 1.29 
  23  213  524  811 1.43 
  23  213  524  896 1.43 
  23  213  524  981 1.43 
  23  299  433  981 1.00 
  23  299  479  981 1.00 
  23  299  524  896 1.00 
  23  299  524  981 1.00 
  68   43  387  981 -2.00 
  68   43  433  811 2.71 
  68   43  433  896 -2.00 
  68   43  433  981 -2.00 
  68   43  479  725 3.29 
  68   43  479  811 3.29 
  68   43  479  896 3.43 
  68   43  479  981 -2.00 
  68   43  524  725 4.57 
  68   43  524  811 4.43 
  68   43  524  896 4.14 
  68   43  524  981 3.43 
  68  128  433  896 2.43 
  68  128  433  981 -2.00 
  68  128  479  811 2.71 
  68  128  479  896 2.57 
  68  128  479  981 2.29 
  68  128  524  811 2.86 
  68  128  524  896 2.71 
  68  128  524  981 2.57 
  68  213  433  981 1.29 
  68  213  479  896 1.43 
  68  213  479  981 1.43 
  68  213  524  896 1.43 
  68  213  524  981 1.57 
  68  299  479  981 1.00 
  68  299  524  981 1.00 
 114   43  433  981 -2.00 
 114   43  479  811 3.86 
 114   43  479  896 -2.00 
 114   43  479  981 -2.00 
 114   43  524  725 4.43 
 114   43  524  811 4.57 
 114   43  524  896 4.14 
 114   43  524  981 -2.00 
 114  128  479  896 2.57 
 114  128  479  981 -2.00 
 114  128  524  811 2.71 
 114  128  524  896 2.71 
 114  128  524  981 2.57 
 114  213  479  981 1.29 
 114  213  524  896 1.57 
 114  213  524  981 1.57 
 114  299  524  981 1.29 
 160   43  479  981 -2.00 
 160   43  524  811 3.71 
 160   43  524  896 -2.00 
 160   43  524  981 -2.00 
 160  128  524  896 2.57 
 160  128  524  981 -2.00 
 160  213  524  981 1.43 
