  27   43  463  811 2.57 
  27   43  463  896 2.29 
  27   43  463  981 2.29 
  27   43  518  725 2.71 
  27   43  518  811 3.14 
  27   43  518  896 3.00 
  27   43  518  981 2.71 
  27   43  572  725 2.86 
  27   43  572  811 3.43 
  27   43  572  896 3.14 
  27   43  572  981 3.00 
  27   43  627  725 3.71 
  27   43  627  811 4.14 
  27   43  627  896 4.00 
  27   43  627  981 3.57 
  27  128  463  896 2.43 
  27  128  463  981 2.43 
  27  128  518  811 2.86 
  27  128  518  896 2.71 
  27  128  518  981 3.00 
  27  128  572  811 3.14 
  27  128  572  896 3.29 
  27  128  572  981 3.14 
  27  128  627  725 4.14 
  27  128  627  811 4.29 
  27  128  627  896 3.86 
  27  128  627  981 3.57 
  27  213  463  981 2.14 
  27  213  518  896 2.57 
  27  213  518  981 2.86 
  27  213  572  896 2.71 
  27  213  572  981 2.86 
  27  213  627  811 3.71 
  27  213  627  896 3.43 
  27  213  627  981 3.29 
  27  299  518  981 2.29 
  27  299  572  981 2.29 
  27  299  627  896 2.86 
  27  299  627  981 2.71 
  82   43  463  981 -2.00 
  82   43  518  811 3.14 
  82   43  518  896 3.29 
  82   43  518  981 2.86 
  82   43  572  725 2.86 
  82   43  572  811 3.43 
  82   43  572  896 3.14 
  82   43  572  981 3.43 
  82   43  627  725 3.43 
  82   43  627  811 4.14 
  82   43  627  896 4.29 
  82   43  627  981 3.71 
  82  128  518  896 2.86 
  82  128  518  981 3.14 
  82  128  572  811 3.57 
  82  128  572  896 3.29 
  82  128  572  981 3.29 
  82  128  627  811 4.00 
  82  128  627  896 3.71 
  82  128  627  981 4.00 
  82  213  518  981 2.57 
  82  213  572  896 3.00 
  82  213  572  981 3.14 
  82  213  627  896 3.43 
  82  213  627  981 3.00 
  82  299  572  981 2.29 
  82  299  627  981 2.57 
 136   43  518  981 -2.00 
 136   43  572  811 3.57 
 136   43  572  896 3.14 
 136   43  572  981 2.86 
 136   43  627  725 2.86 
 136   43  627  811 4.00 
 136   43  627  896 4.14 
 136   43  627  981 3.71 
 136  128  572  896 3.29 
 136  128  572  981 3.29 
 136  128  627  811 3.71 
 136  128  627  896 3.57 
 136  128  627  981 3.86 
 136  213  572  981 3.14 
 136  213  627  896 3.43 
 136  213  627  981 3.57 
 136  299  627  981 2.43 
 191   43  572  981 -2.00 
 191   43  627  811 1.57 
 191   43  627  896 1.57 
 191   43  627  981 1.29 
 191  128  627  896 1.57 
 191  128  627  981 1.71 
 191  213  627  981 1.43 
