  43   34  725  649 3.43 
  43   34  725  718 3.29 
  43   34  725  786 3.43 
  43   34  811  581 3.71 
  43   34  811  649 3.43 
  43   34  811  718 3.29 
  43   34  811  786 3.57 
  43   34  896  581 3.71 
  43   34  896  649 3.43 
  43   34  896  718 3.29 
  43   34  896  786 3.57 
  43   34  981  581 3.86 
  43   34  981  649 3.29 
  43   34  981  718 3.43 
  43   34  981  786 4.14 
  43  103  725  718 3.71 
  43  103  725  786 3.29 
  43  103  811  649 3.43 
  43  103  811  718 3.86 
  43  103  811  786 3.29 
  43  103  896  649 3.14 
  43  103  896  718 3.86 
  43  103  896  786 3.29 
  43  103  981  581 3.57 
  43  103  981  649 3.43 
  43  103  981  718 4.29 
  43  103  981  786 3.14 
  43  171  725  786 3.43 
  43  171  811  718 3.29 
  43  171  811  786 3.43 
  43  171  896  718 3.14 
  43  171  896  786 3.43 
  43  171  981  649 4.14 
  43  171  981  718 3.29 
  43  171  981  786 3.71 
  43  239  811  786 3.71 
  43  239  896  786 3.43 
  43  239  981  718 3.86 
  43  239  981  786 3.71 
 128   34  725  786 3.00 
 128   34  811  649 3.00 
 128   34  811  718 2.86 
 128   34  811  786 2.86 
 128   34  896  581 3.00 
 128   34  896  649 2.86 
 128   34  896  718 2.86 
 128   34  896  786 3.00 
 128   34  981  581 3.29 
 128   34  981  649 2.86 
 128   34  981  718 2.86 
 128   34  981  786 3.00 
 128  103  811  718 2.86 
 128  103  811  786 2.86 
 128  103  896  649 2.71 
 128  103  896  718 2.86 
 128  103  896  786 2.86 
 128  103  981  649 2.86 
 128  103  981  718 2.86 
 128  103  981  786 2.86 
 128  171  811  786 2.86 
 128  171  896  718 2.86 
 128  171  896  786 2.86 
 128  171  981  718 2.71 
 128  171  981  786 2.86 
 128  239  896  786 3.00 
 128  239  981  786 3.14 
 213   34  811  786 1.71 
 213   34  896  649 1.86 
 213   34  896  718 2.00 
 213   34  896  786 1.86 
 213   34  981  581 1.86 
 213   34  981  649 1.86 
 213   34  981  718 1.86 
 213   34  981  786 2.00 
 213  103  896  718 1.71 
 213  103  896  786 1.86 
 213  103  981  649 1.86 
 213  103  981  718 1.86 
 213  103  981  786 1.71 
 213  171  896  786 1.71 
 213  171  981  718 1.86 
 213  171  981  786 1.86 
 213  239  981  786 1.86 
 299   34  896  786 1.43 
 299   34  981  649 1.57 
 299   34  981  718 1.71 
 299   34  981  786 1.71 
 299  103  981  718 1.57 
 299  103  981  786 1.71 
 299  171  981  786 1.57 
