  30   43  503  811 1.57 
  30   43  503  896 1.71 
  30   43  503  981 1.71 
  30   43  562  725 2.29 
  30   43  562  811 2.14 
  30   43  562  896 2.00 
  30   43  562  981 1.86 
  30   43  621  725 3.29 
  30   43  621  811 3.43 
  30   43  621  896 3.43 
  30   43  621  981 3.14 
  30   43  680  725 3.57 
  30   43  680  811 4.00 
  30   43  680  896 3.43 
  30   43  680  981 4.14 
  30  128  503  896 1.57 
  30  128  503  981 1.43 
  30  128  562  811 2.29 
  30  128  562  896 2.43 
  30  128  562  981 2.00 
  30  128  621  811 3.29 
  30  128  621  896 3.00 
  30  128  621  981 3.29 
  30  128  680  725 3.14 
  30  128  680  811 4.29 
  30  128  680  896 3.29 
  30  128  680  981 3.57 
  30  213  503  981 1.43 
  30  213  562  896 2.00 
  30  213  562  981 2.00 
  30  213  621  896 2.71 
  30  213  621  981 2.57 
  30  213  680  811 3.43 
  30  213  680  896 2.86 
  30  213  680  981 2.86 
  30  299  562  981 1.86 
  30  299  621  981 2.43 
  30  299  680  896 2.43 
  30  299  680  981 2.71 
  89   43  503  981 -2.00 
  89   43  562  811 1.86 
  89   43  562  896 2.29 
  89   43  562  981 1.71 
  89   43  621  725 3.14 
  89   43  621  811 3.00 
  89   43  621  896 3.43 
  89   43  621  981 2.71 
  89   43  680  725 3.57 
  89   43  680  811 3.86 
  89   43  680  896 3.57 
  89   43  680  981 4.00 
  89  128  562  896 2.29 
  89  128  562  981 1.86 
  89  128  621  811 3.29 
  89  128  621  896 3.00 
  89  128  621  981 3.14 
  89  128  680  811 4.14 
  89  128  680  896 3.71 
  89  128  680  981 3.86 
  89  213  562  981 2.14 
  89  213  621  896 2.71 
  89  213  621  981 2.71 
  89  213  680  896 2.71 
  89  213  680  981 2.86 
  89  299  621  981 2.00 
  89  299  680  981 2.57 
 148   43  562  981 -2.00 
 148   43  621  811 3.43 
 148   43  621  896 3.14 
 148   43  621  981 3.00 
 148   43  680  725 3.43 
 148   43  680  811 4.00 
 148   43  680  896 4.00 
 148   43  680  981 3.57 
 148  128  621  896 3.00 
 148  128  621  981 2.86 
 148  128  680  811 4.00 
 148  128  680  896 3.57 
 148  128  680  981 4.43 
 148  213  621  981 2.71 
 148  213  680  896 2.86 
 148  213  680  981 2.86 
 148  299  680  981 2.43 
 207   43  621  981 -2.00 
 207   43  680  811 4.43 
 207   43  680  896 4.00 
 207   43  680  981 3.29 
 207  128  680  896 4.00 
 207  128  680  981 3.57 
 207  213  680  981 3.43 
