  31   43  531  811 2.14 
  31   43  531  896 2.29 
  31   43  531  981 2.43 
  31   43  593  725 2.14 
  31   43  593  811 3.14 
  31   43  593  896 3.43 
  31   43  593  981 3.00 
  31   43  655  725 2.29 
  31   43  655  811 3.43 
  31   43  655  896 3.43 
  31   43  655  981 3.29 
  31   43  718  725 2.29 
  31   43  718  811 3.57 
  31   43  718  896 3.29 
  31   43  718  981 3.29 
  31  128  531  896 2.14 
  31  128  531  981 2.29 
  31  128  593  811 2.71 
  31  128  593  896 2.71 
  31  128  593  981 2.57 
  31  128  655  811 3.00 
  31  128  655  896 2.86 
  31  128  655  981 2.86 
  31  128  718  725 2.29 
  31  128  718  811 3.43 
  31  128  718  896 3.00 
  31  128  718  981 2.71 
  31  213  531  981 1.71 
  31  213  593  896 2.57 
  31  213  593  981 2.57 
  31  213  655  896 2.43 
  31  213  655  981 2.57 
  31  213  718  811 2.71 
  31  213  718  896 2.57 
  31  213  718  981 2.43 
  31  299  593  981 1.71 
  31  299  655  981 1.86 
  31  299  718  896 2.14 
  31  299  718  981 2.14 
  94   43  531  981 2.43 
  94   43  593  811 3.00 
  94   43  593  896 3.57 
  94   43  593  981 3.43 
  94   43  655  725 2.29 
  94   43  655  811 3.14 
  94   43  655  896 3.57 
  94   43  655  981 3.29 
  94   43  718  725 2.43 
  94   43  718  811 3.00 
  94   43  718  896 3.43 
  94   43  718  981 3.14 
  94  128  593  896 3.14 
  94  128  593  981 2.71 
  94  128  655  811 3.14 
  94  128  655  896 2.71 
  94  128  655  981 2.71 
  94  128  718  811 3.00 
  94  128  718  896 2.86 
  94  128  718  981 2.71 
  94  213  593  981 2.29 
  94  213  655  896 2.57 
  94  213  655  981 2.43 
  94  213  718  896 2.57 
  94  213  718  981 2.29 
  94  299  655  981 1.86 
  94  299  718  981 2.00 
 156   43  593  981 3.14 
 156   43  655  811 3.43 
 156   43  655  896 3.57 
 156   43  655  981 3.29 
 156   43  718  725 2.29 
 156   43  718  811 3.14 
 156   43  718  896 3.29 
 156   43  718  981 3.14 
 156  128  655  896 3.29 
 156  128  655  981 2.71 
 156  128  718  811 3.00 
 156  128  718  896 2.86 
 156  128  718  981 2.71 
 156  213  655  981 2.29 
 156  213  718  896 2.43 
 156  213  718  981 2.29 
 156  299  718  981 1.86 
 218   43  655  981 3.43 
 218   43  718  811 3.14 
 218   43  718  896 4.00 
 218   43  718  981 3.43 
 218  128  718  896 3.57 
 218  128  718  981 2.86 
 218  213  718  981 2.57 
