  22   43  378  811 3.00 
  22   43  378  896 -2.00 
  22   43  378  981 -2.00 
  22   43  423  725 3.43 
  22   43  423  811 3.86 
  22   43  423  896 3.29 
  22   43  423  981 -2.00 
  22   43  467  725 3.00 
  22   43  467  811 3.86 
  22   43  467  896 3.29 
  22   43  467  981 3.00 
  22   43  512  725 3.29 
  22   43  512  811 3.57 
  22   43  512  896 3.29 
  22   43  512  981 3.00 
  22  128  378  896 3.00 
  22  128  378  981 -2.00 
  22  128  423  811 3.57 
  22  128  423  896 3.00 
  22  128  423  981 3.00 
  22  128  467  811 3.29 
  22  128  467  896 3.14 
  22  128  467  981 3.43 
  22  128  512  725 3.57 
  22  128  512  811 3.29 
  22  128  512  896 3.00 
  22  128  512  981 3.43 
  22  213  378  981 3.00 
  22  213  423  896 3.57 
  22  213  423  981 3.71 
  22  213  467  896 3.57 
  22  213  467  981 3.57 
  22  213  512  811 3.00 
  22  213  512  896 3.00 
  22  213  512  981 3.43 
  22  299  423  981 3.57 
  22  299  467  981 4.29 
  22  299  512  896 3.57 
  22  299  512  981 4.43 
  67   43  378  981 -2.00 
  67   43  423  811 3.29 
  67   43  423  896 -2.00 
  67   43  423  981 -2.00 
  67   43  467  725 3.14 
  67   43  467  811 3.43 
  67   43  467  896 3.00 
  67   43  467  981 -2.00 
  67   43  512  725 2.86 
  67   43  512  811 3.43 
  67   43  512  896 3.00 
  67   43  512  981 3.00 
  67  128  423  896 3.00 
  67  128  423  981 -2.00 
  67  128  467  811 3.14 
  67  128  467  896 3.00 
  67  128  467  981 3.00 
  67  128  512  811 3.00 
  67  128  512  896 3.00 
  67  128  512  981 3.14 
  67  213  423  981 3.29 
  67  213  467  896 3.00 
  67  213  467  981 3.71 
  67  213  512  896 3.00 
  67  213  512  981 3.29 
  67  299  467  981 3.86 
  67  299  512  981 3.71 
 111   43  423  981 -2.00 
 111   43  467  811 2.29 
 111   43  467  896 -2.00 
 111   43  467  981 -2.00 
 111   43  512  725 2.00 
 111   43  512  811 2.14 
 111   43  512  896 2.00 
 111   43  512  981 -2.00 
 111  128  467  896 2.29 
 111  128  467  981 -2.00 
 111  128  512  811 2.00 
 111  128  512  896 2.00 
 111  128  512  981 2.00 
 111  213  467  981 2.14 
 111  213  512  896 2.00 
 111  213  512  981 2.14 
 111  299  512  981 2.14 
 156   43  467  981 -2.00 
 156   43  512  811 1.43 
 156   43  512  896 -2.00 
 156   43  512  981 -2.00 
 156  128  512  896 1.29 
 156  128  512  981 -2.00 
 156  213  512  981 1.14 
