  43   33  725  629 1.86 
  43   33  725  695 1.71 
  43   33  725  761 1.71 
  43   33  811  562 2.57 
  43   33  811  629 2.43 
  43   33  811  695 2.57 
  43   33  811  761 2.57 
  43   33  896  562 3.43 
  43   33  896  629 3.14 
  43   33  896  695 3.14 
  43   33  896  761 3.29 
  43   33  981  562 4.00 
  43   33  981  629 4.00 
  43   33  981  695 3.43 
  43   33  981  761 3.00 
  43   99  725  695 1.86 
  43   99  725  761 1.71 
  43   99  811  629 2.29 
  43   99  811  695 2.43 
  43   99  811  761 2.29 
  43   99  896  629 2.71 
  43   99  896  695 2.57 
  43   99  896  761 2.57 
  43   99  981  562 -2.00 
  43   99  981  629 3.00 
  43   99  981  695 2.86 
  43   99  981  761 2.71 
  43  165  725  761 1.14 
  43  165  811  695 1.14 
  43  165  811  761 1.29 
  43  165  896  695 1.57 
  43  165  896  761 1.43 
  43  165  981  629 -2.00 
  43  165  981  695 1.71 
  43  165  981  761 1.71 
  43  232  811  761 2.43 
  43  232  896  761 1.86 
  43  232  981  695 -2.00 
  43  232  981  761 2.00 
 128   33  725  761 2.14 
 128   33  811  629 3.00 
 128   33  811  695 3.14 
 128   33  811  761 2.57 
 128   33  896  562 3.29 
 128   33  896  629 3.14 
 128   33  896  695 3.00 
 128   33  896  761 3.00 
 128   33  981  562 3.86 
 128   33  981  629 3.29 
 128   33  981  695 3.57 
 128   33  981  761 3.29 
 128   99  811  695 2.43 
 128   99  811  761 2.43 
 128   99  896  629 2.43 
 128   99  896  695 2.71 
 128   99  896  761 2.57 
 128   99  981  629 3.00 
 128   99  981  695 3.00 
 128   99  981  761 2.86 
 128  165  811  761 1.43 
 128  165  896  695 1.86 
 128  165  896  761 1.43 
 128  165  981  695 1.71 
 128  165  981  761 1.43 
 128  232  896  761 2.00 
 128  232  981  761 2.00 
 213   33  811  761 2.71 
 213   33  896  629 3.29 
 213   33  896  695 3.00 
 213   33  896  761 3.00 
 213   33  981  562 3.43 
 213   33  981  629 3.29 
 213   33  981  695 3.43 
 213   33  981  761 3.00 
 213   99  896  695 2.71 
 213   99  896  761 2.71 
 213   99  981  629 2.71 
 213   99  981  695 2.57 
 213   99  981  761 2.86 
 213  165  896  761 1.71 
 213  165  981  695 1.71 
 213  165  981  761 1.57 
 213  232  981  761 2.00 
 299   33  896  761 2.43 
 299   33  981  629 2.71 
 299   33  981  695 2.57 
 299   33  981  761 2.29 
 299   99  981  695 2.43 
 299   99  981  761 2.29 
 299  165  981  761 1.71 
