  30   43  509  811 1.14 
  30   43  509  896 2.43 
  30   43  509  981 3.00 
  30   43  569  725 1.71 
  30   43  569  811 1.57 
  30   43  569  896 2.29 
  30   43  569  981 3.57 
  30   43  629  725 1.86 
  30   43  629  811 1.14 
  30   43  629  896 2.29 
  30   43  629  981 3.86 
  30   43  689  725 2.00 
  30   43  689  811 1.71 
  30   43  689  896 1.86 
  30   43  689  981 3.71 
  30  128  509  896 2.29 
  30  128  509  981 3.43 
  30  128  569  811 1.14 
  30  128  569  896 2.29 
  30  128  569  981 3.57 
  30  128  629  811 1.29 
  30  128  629  896 2.14 
  30  128  629  981 4.00 
  30  128  689  725 2.00 
  30  128  689  811 1.29 
  30  128  689  896 2.43 
  30  128  689  981 4.29 
  30  213  509  981 3.29 
  30  213  569  896 2.57 
  30  213  569  981 3.57 
  30  213  629  896 2.43 
  30  213  629  981 4.57 
  30  213  689  811 1.29 
  30  213  689  896 2.43 
  30  213  689  981 4.29 
  30  299  569  981 3.00 
  30  299  629  981 3.86 
  30  299  689  896 2.71 
  30  299  689  981 3.57 
  90   43  509  981 -2.00 
  90   43  569  811 1.14 
  90   43  569  896 2.43 
  90   43  569  981 3.43 
  90   43  629  725 2.00 
  90   43  629  811 1.29 
  90   43  629  896 2.57 
  90   43  629  981 3.43 
  90   43  689  725 1.86 
  90   43  689  811 1.14 
  90   43  689  896 2.29 
  90   43  689  981 3.71 
  90  128  569  896 2.14 
  90  128  569  981 4.00 
  90  128  629  811 1.43 
  90  128  629  896 2.86 
  90  128  629  981 4.14 
  90  128  689  811 1.43 
  90  128  689  896 2.14 
  90  128  689  981 4.71 
  90  213  569  981 4.29 
  90  213  629  896 2.43 
  90  213  629  981 4.43 
  90  213  689  896 2.86 
  90  213  689  981 4.57 
  90  299  629  981 3.86 
  90  299  689  981 4.00 
 150   43  569  981 -2.00 
 150   43  629  811 1.14 
 150   43  629  896 2.29 
 150   43  629  981 3.57 
 150   43  689  725 1.71 
 150   43  689  811 1.14 
 150   43  689  896 2.29 
 150   43  689  981 3.00 
 150  128  629  896 2.57 
 150  128  629  981 3.57 
 150  128  689  811 1.29 
 150  128  689  896 2.14 
 150  128  689  981 3.71 
 150  213  629  981 3.71 
 150  213  689  896 2.43 
 150  213  689  981 3.71 
 150  299  689  981 3.57 
 210   43  629  981 -2.00 
 210   43  689  811 1.29 
 210   43  689  896 1.57 
 210   43  689  981 1.71 
 210  128  689  896 1.43 
 210  128  689  981 1.57 
 210  213  689  981 1.43 
