  40   26  673  501 3.29 
  40   26  673  554 3.43 
  40   26  673  607 3.14 
  40   26  752  448 2.29 
  40   26  752  501 3.71 
  40   26  752  554 3.29 
  40   26  752  607 3.14 
  40   26  831  448 2.43 
  40   26  831  501 3.29 
  40   26  831  554 3.14 
  40   26  831  607 3.29 
  40   26  910  448 -2.00 
  40   26  910  501 3.00 
  40   26  910  554 3.14 
  40   26  910  607 3.14 
  40   79  673  554 3.14 
  40   79  673  607 3.14 
  40   79  752  501 3.43 
  40   79  752  554 3.29 
  40   79  752  607 3.29 
  40   79  831  501 3.14 
  40   79  831  554 3.43 
  40   79  831  607 3.43 
  40   79  910  448 -2.00 
  40   79  910  501 -2.00 
  40   79  910  554 3.14 
  40   79  910  607 3.14 
  40  132  673  607 3.43 
  40  132  752  554 3.14 
  40  132  752  607 3.43 
  40  132  831  554 3.14 
  40  132  831  607 3.29 
  40  132  910  501 -2.00 
  40  132  910  554 -2.00 
  40  132  910  607 3.14 
  40  185  752  607 3.14 
  40  185  831  607 2.71 
  40  185  910  554 -2.00 
  40  185  910  607 -2.00 
 119   26  673  607 3.29 
 119   26  752  501 3.29 
 119   26  752  554 3.43 
 119   26  752  607 3.14 
 119   26  831  448 2.29 
 119   26  831  501 3.14 
 119   26  831  554 3.14 
 119   26  831  607 3.29 
 119   26  910  448 2.29 
 119   26  910  501 3.14 
 119   26  910  554 3.14 
 119   26  910  607 3.00 
 119   79  752  554 3.29 
 119   79  752  607 3.29 
 119   79  831  501 3.00 
 119   79  831  554 3.29 
 119   79  831  607 3.14 
 119   79  910  501 3.14 
 119   79  910  554 3.00 
 119   79  910  607 3.14 
 119  132  752  607 3.14 
 119  132  831  554 3.14 
 119  132  831  607 3.14 
 119  132  910  554 3.14 
 119  132  910  607 3.00 
 119  185  831  607 2.86 
 119  185  910  607 2.86 
 198   26  752  607 3.14 
 198   26  831  501 3.14 
 198   26  831  554 3.29 
 198   26  831  607 3.14 
 198   26  910  448 2.57 
 198   26  910  501 3.43 
 198   26  910  554 3.14 
 198   26  910  607 3.14 
 198   79  831  554 3.14 
 198   79  831  607 3.14 
 198   79  910  501 3.43 
 198   79  910  554 3.14 
 198   79  910  607 3.14 
 198  132  831  607 3.00 
 198  132  910  554 3.14 
 198  132  910  607 3.14 
 198  185  910  607 2.86 
 277   26  831  607 3.14 
 277   26  910  501 3.71 
 277   26  910  554 3.29 
 277   26  910  607 3.14 
 277   79  910  554 3.14 
 277   79  910  607 3.00 
 277  132  910  607 3.14 
