  29   43  496  811 1.86 
  29   43  496  896 2.00 
  29   43  496  981 2.29 
  29   43  554  725 1.00 
  29   43  554  811 2.00 
  29   43  554  896 2.71 
  29   43  554  981 2.86 
  29   43  613  725 1.29 
  29   43  613  811 2.14 
  29   43  613  896 3.14 
  29   43  613  981 4.29 
  29   43  671  725 1.00 
  29   43  671  811 2.14 
  29   43  671  896 3.14 
  29   43  671  981 4.57 
  29  128  496  896 2.14 
  29  128  496  981 1.86 
  29  128  554  811 2.14 
  29  128  554  896 2.57 
  29  128  554  981 2.86 
  29  128  613  811 2.14 
  29  128  613  896 3.71 
  29  128  613  981 4.43 
  29  128  671  725 1.14 
  29  128  671  811 2.00 
  29  128  671  896 3.86 
  29  128  671  981 4.43 
  29  213  496  981 2.14 
  29  213  554  896 3.00 
  29  213  554  981 3.00 
  29  213  613  896 4.57 
  29  213  613  981 4.29 
  29  213  671  811 2.00 
  29  213  671  896 4.43 
  29  213  671  981 4.57 
  29  299  554  981 3.14 
  29  299  613  981 4.57 
  29  299  671  896 4.43 
  29  299  671  981 4.29 
  88   43  496  981 -2.00 
  88   43  554  811 1.57 
  88   43  554  896 2.86 
  88   43  554  981 3.29 
  88   43  613  725 1.00 
  88   43  613  811 2.14 
  88   43  613  896 3.14 
  88   43  613  981 4.43 
  88   43  671  725 1.14 
  88   43  671  811 2.14 
  88   43  671  896 3.14 
  88   43  671  981 4.14 
  88  128  554  896 2.86 
  88  128  554  981 3.00 
  88  128  613  811 1.86 
  88  128  613  896 3.57 
  88  128  613  981 4.71 
  88  128  671  811 2.14 
  88  128  671  896 3.29 
  88  128  671  981 4.14 
  88  213  554  981 3.14 
  88  213  613  896 4.43 
  88  213  613  981 4.57 
  88  213  671  896 4.43 
  88  213  671  981 4.43 
  88  299  613  981 4.57 
  88  299  671  981 4.14 
 146   43  554  981 -2.00 
 146   43  613  811 2.14 
 146   43  613  896 3.43 
 146   43  613  981 4.29 
 146   43  671  725 1.43 
 146   43  671  811 2.14 
 146   43  671  896 3.14 
 146   43  671  981 4.00 
 146  128  613  896 4.14 
 146  128  613  981 4.43 
 146  128  671  811 2.14 
 146  128  671  896 3.14 
 146  128  671  981 3.71 
 146  213  613  981 4.71 
 146  213  671  896 4.29 
 146  213  671  981 3.86 
 146  299  671  981 4.00 
 204   43  613  981 -2.00 
 204   43  671  811 1.86 
 204   43  671  896 2.29 
 204   43  671  981 2.00 
 204  128  671  896 1.86 
 204  128  671  981 1.43 
 204  213  671  981 1.86 
