  43   41  725  777 1.86 
  43   41  725  859 2.14 
  43   41  725  941 2.29 
  43   41  811  696 1.00 
  43   41  811  777 2.57 
  43   41  811  859 2.86 
  43   41  811  941 3.14 
  43   41  896  696 1.00 
  43   41  896  777 2.57 
  43   41  896  859 3.14 
  43   41  896  941 4.00 
  43   41  981  696 1.00 
  43   41  981  777 2.43 
  43   41  981  859 3.14 
  43   41  981  941 4.14 
  43  123  725  859 2.00 
  43  123  725  941 2.14 
  43  123  811  777 2.14 
  43  123  811  859 3.00 
  43  123  811  941 3.14 
  43  123  896  777 2.43 
  43  123  896  859 3.43 
  43  123  896  941 4.29 
  43  123  981  696 1.00 
  43  123  981  777 2.71 
  43  123  981  859 4.00 
  43  123  981  941 4.43 
  43  205  725  941 2.57 
  43  205  811  859 3.00 
  43  205  811  941 3.57 
  43  205  896  859 4.00 
  43  205  896  941 4.14 
  43  205  981  777 2.71 
  43  205  981  859 4.43 
  43  205  981  941 4.43 
  43  286  811  941 3.43 
  43  286  896  941 4.00 
  43  286  981  859 4.29 
  43  286  981  941 3.86 
 128   41  725  941 2.43 
 128   41  811  777 2.29 
 128   41  811  859 3.14 
 128   41  811  941 3.43 
 128   41  896  696 1.00 
 128   41  896  777 2.57 
 128   41  896  859 3.29 
 128   41  896  941 4.43 
 128   41  981  696 1.00 
 128   41  981  777 2.57 
 128   41  981  859 3.14 
 128   41  981  941 4.43 
 128  123  811  859 3.14 
 128  123  811  941 3.86 
 128  123  896  777 2.43 
 128  123  896  859 3.71 
 128  123  896  941 4.29 
 128  123  981  777 2.43 
 128  123  981  859 3.57 
 128  123  981  941 4.00 
 128  205  811  941 4.14 
 128  205  896  859 4.00 
 128  205  896  941 4.29 
 128  205  981  859 4.00 
 128  205  981  941 4.00 
 128  286  896  941 3.43 
 128  286  981  941 3.71 
 213   41  811  941 3.86 
 213   41  896  777 2.43 
 213   41  896  859 3.57 
 213   41  896  941 4.43 
 213   41  981  696 1.00 
 213   41  981  777 2.43 
 213   41  981  859 3.14 
 213   41  981  941 3.86 
 213  123  896  859 3.71 
 213  123  896  941 4.71 
 213  123  981  777 2.43 
 213  123  981  859 3.43 
 213  123  981  941 3.86 
 213  205  896  941 4.43 
 213  205  981  859 3.57 
 213  205  981  941 3.86 
 213  286  981  941 3.71 
 299   41  896  941 3.86 
 299   41  981  777 2.43 
 299   41  981  859 3.29 
 299   41  981  941 3.57 
 299  123  981  859 3.14 
 299  123  981  941 3.86 
 299  205  981  941 3.43 
