  26   43  437  811 2.57 
  26   43  437  896 3.00 
  26   43  437  981 -2.00 
  26   43  488  725 3.00 
  26   43  488  811 2.86 
  26   43  488  896 3.14 
  26   43  488  981 3.71 
  26   43  540  725 3.00 
  26   43  540  811 3.14 
  26   43  540  896 4.14 
  26   43  540  981 4.57 
  26   43  591  725 3.29 
  26   43  591  811 3.86 
  26   43  591  896 4.43 
  26   43  591  981 4.57 
  26  128  437  896 2.57 
  26  128  437  981 2.86 
  26  128  488  811 2.86 
  26  128  488  896 2.86 
  26  128  488  981 3.29 
  26  128  540  811 4.00 
  26  128  540  896 3.71 
  26  128  540  981 3.86 
  26  128  591  725 3.43 
  26  128  591  811 3.86 
  26  128  591  896 4.29 
  26  128  591  981 3.71 
  26  213  437  981 2.43 
  26  213  488  896 2.43 
  26  213  488  981 2.57 
  26  213  540  896 3.00 
  26  213  540  981 3.14 
  26  213  591  811 3.43 
  26  213  591  896 3.57 
  26  213  591  981 3.14 
  26  299  488  981 2.29 
  26  299  540  981 2.57 
  26  299  591  896 2.14 
  26  299  591  981 2.57 
  77   43  437  981 -2.00 
  77   43  488  811 2.71 
  77   43  488  896 3.29 
  77   43  488  981 -2.00 
  77   43  540  725 3.57 
  77   43  540  811 3.57 
  77   43  540  896 4.71 
  77   43  540  981 4.86 
  77   43  591  725 3.14 
  77   43  591  811 3.43 
  77   43  591  896 4.00 
  77   43  591  981 4.00 
  77  128  488  896 3.29 
  77  128  488  981 3.29 
  77  128  540  811 3.71 
  77  128  540  896 4.14 
  77  128  540  981 4.43 
  77  128  591  811 4.00 
  77  128  591  896 3.71 
  77  128  591  981 3.86 
  77  213  488  981 2.57 
  77  213  540  896 2.86 
  77  213  540  981 3.57 
  77  213  591  896 3.57 
  77  213  591  981 3.29 
  77  299  540  981 2.29 
  77  299  591  981 2.57 
 129   43  488  981 -2.00 
 129   43  540  811 2.71 
 129   43  540  896 2.71 
 129   43  540  981 -2.00 
 129   43  591  725 2.29 
 129   43  591  811 2.57 
 129   43  591  896 2.57 
 129   43  591  981 2.71 
 129  128  540  896 2.86 
 129  128  540  981 2.71 
 129  128  591  811 2.57 
 129  128  591  896 2.86 
 129  128  591  981 2.86 
 129  213  540  981 2.57 
 129  213  591  896 2.29 
 129  213  591  981 2.86 
 129  299  591  981 1.86 
 180   43  540  981 -2.00 
 180   43  591  811 1.86 
 180   43  591  896 2.00 
 180   43  591  981 -2.00 
 180  128  591  896 1.86 
 180  128  591  981 1.71 
 180  213  591  981 1.57 
