  31   43  529  811 3.29 
  31   43  529  896 3.00 
  31   43  529  981 3.00 
  31   43  591  725 2.57 
  31   43  591  811 3.57 
  31   43  591  896 3.57 
  31   43  591  981 3.71 
  31   43  654  725 2.43 
  31   43  654  811 3.71 
  31   43  654  896 3.71 
  31   43  654  981 3.71 
  31   43  716  725 2.57 
  31   43  716  811 3.71 
  31   43  716  896 3.43 
  31   43  716  981 4.00 
  31  128  529  896 3.29 
  31  128  529  981 3.43 
  31  128  591  811 3.71 
  31  128  591  896 3.57 
  31  128  591  981 3.29 
  31  128  654  811 3.43 
  31  128  654  896 3.57 
  31  128  654  981 3.57 
  31  128  716  725 3.14 
  31  128  716  811 3.86 
  31  128  716  896 3.71 
  31  128  716  981 3.57 
  31  213  529  981 3.14 
  31  213  591  896 3.00 
  31  213  591  981 3.14 
  31  213  654  896 3.43 
  31  213  654  981 3.14 
  31  213  716  811 3.43 
  31  213  716  896 3.29 
  31  213  716  981 3.00 
  31  299  591  981 3.14 
  31  299  654  981 3.29 
  31  299  716  896 3.43 
  31  299  716  981 3.57 
  93   43  529  981 3.57 
  93   43  591  811 3.43 
  93   43  591  896 4.00 
  93   43  591  981 4.14 
  93   43  654  725 2.86 
  93   43  654  811 3.71 
  93   43  654  896 3.86 
  93   43  654  981 4.29 
  93   43  716  725 2.71 
  93   43  716  811 3.57 
  93   43  716  896 3.43 
  93   43  716  981 3.71 
  93  128  591  896 3.29 
  93  128  591  981 3.57 
  93  128  654  811 3.71 
  93  128  654  896 3.57 
  93  128  654  981 3.57 
  93  128  716  811 3.57 
  93  128  716  896 3.57 
  93  128  716  981 3.29 
  93  213  591  981 3.29 
  93  213  654  896 3.29 
  93  213  654  981 3.29 
  93  213  716  896 2.86 
  93  213  716  981 2.86 
  93  299  654  981 3.14 
  93  299  716  981 3.43 
 156   43  591  981 4.00 
 156   43  654  811 3.71 
 156   43  654  896 3.43 
 156   43  654  981 3.71 
 156   43  716  725 2.57 
 156   43  716  811 3.29 
 156   43  716  896 3.43 
 156   43  716  981 3.43 
 156  128  654  896 3.29 
 156  128  654  981 3.57 
 156  128  716  811 3.00 
 156  128  716  896 3.29 
 156  128  716  981 3.29 
 156  213  654  981 3.29 
 156  213  716  896 3.14 
 156  213  716  981 3.29 
 156  299  716  981 3.14 
 218   43  654  981 3.43 
 218   43  716  811 2.86 
 218   43  716  896 2.86 
 218   43  716  981 2.86 
 218  128  716  896 3.00 
 218  128  716  981 3.00 
 218  213  716  981 2.86 
