  29   43  487  811 1.29 
  29   43  487  896 2.29 
  29   43  487  981 3.29 
  29   43  544  725 1.00 
  29   43  544  811 1.14 
  29   43  544  896 2.43 
  29   43  544  981 3.71 
  29   43  601  725 1.00 
  29   43  601  811 1.14 
  29   43  601  896 2.86 
  29   43  601  981 3.43 
  29   43  658  725 1.00 
  29   43  658  811 1.29 
  29   43  658  896 2.57 
  29   43  658  981 3.86 
  29  128  487  896 2.29 
  29  128  487  981 3.57 
  29  128  544  811 1.29 
  29  128  544  896 2.43 
  29  128  544  981 3.71 
  29  128  601  811 1.29 
  29  128  601  896 2.57 
  29  128  601  981 3.86 
  29  128  658  725 1.00 
  29  128  658  811 1.29 
  29  128  658  896 2.43 
  29  128  658  981 3.71 
  29  213  487  981 3.86 
  29  213  544  896 2.71 
  29  213  544  981 4.14 
  29  213  601  896 2.86 
  29  213  601  981 3.71 
  29  213  658  811 1.29 
  29  213  658  896 2.71 
  29  213  658  981 4.00 
  29  299  544  981 3.86 
  29  299  601  981 3.57 
  29  299  658  896 3.14 
  29  299  658  981 4.00 
  86   43  487  981 -2.00 
  86   43  544  811 1.14 
  86   43  544  896 2.29 
  86   43  544  981 3.43 
  86   43  601  725 1.00 
  86   43  601  811 1.14 
  86   43  601  896 2.71 
  86   43  601  981 3.29 
  86   43  658  725 1.00 
  86   43  658  811 1.14 
  86   43  658  896 2.29 
  86   43  658  981 3.29 
  86  128  544  896 2.43 
  86  128  544  981 3.71 
  86  128  601  811 1.29 
  86  128  601  896 2.29 
  86  128  601  981 3.71 
  86  128  658  811 1.29 
  86  128  658  896 2.29 
  86  128  658  981 3.00 
  86  213  544  981 4.00 
  86  213  601  896 2.43 
  86  213  601  981 3.57 
  86  213  658  896 2.57 
  86  213  658  981 3.14 
  86  299  601  981 3.43 
  86  299  658  981 3.43 
 143   43  544  981 -2.00 
 143   43  601  811 1.14 
 143   43  601  896 2.43 
 143   43  601  981 2.71 
 143   43  658  725 1.14 
 143   43  658  811 1.29 
 143   43  658  896 2.29 
 143   43  658  981 3.14 
 143  128  601  896 2.43 
 143  128  601  981 3.00 
 143  128  658  811 1.29 
 143  128  658  896 2.43 
 143  128  658  981 3.00 
 143  213  601  981 3.29 
 143  213  658  896 2.43 
 143  213  658  981 3.29 
 143  299  658  981 3.14 
 200   43  601  981 -2.00 
 200   43  658  811 1.14 
 200   43  658  896 2.00 
 200   43  658  981 2.43 
 200  128  658  896 2.14 
 200  128  658  981 2.57 
 200  213  658  981 3.00 
