  25   43  418  811 3.29 
  25   43  418  896 3.86 
  25   43  418  981 -2.00 
  25   43  467  725 3.86 
  25   43  467  811 3.57 
  25   43  467  896 3.43 
  25   43  467  981 4.14 
  25   43  516  725 3.71 
  25   43  516  811 3.86 
  25   43  516  896 3.14 
  25   43  516  981 3.71 
  25   43  565  725 4.14 
  25   43  565  811 3.71 
  25   43  565  896 3.43 
  25   43  565  981 3.43 
  25  128  418  896 3.29 
  25  128  418  981 4.29 
  25  128  467  811 3.14 
  25  128  467  896 3.29 
  25  128  467  981 4.14 
  25  128  516  811 3.14 
  25  128  516  896 3.43 
  25  128  516  981 3.86 
  25  128  565  725 3.71 
  25  128  565  811 3.29 
  25  128  565  896 3.29 
  25  128  565  981 4.14 
  25  213  418  981 4.14 
  25  213  467  896 3.57 
  25  213  467  981 4.43 
  25  213  516  896 3.57 
  25  213  516  981 4.00 
  25  213  565  811 3.43 
  25  213  565  896 3.43 
  25  213  565  981 4.00 
  25  299  467  981 3.00 
  25  299  516  981 3.29 
  25  299  565  896 3.57 
  25  299  565  981 3.00 
  74   43  418  981 -2.00 
  74   43  467  811 3.57 
  74   43  467  896 3.29 
  74   43  467  981 -2.00 
  74   43  516  725 3.86 
  74   43  516  811 3.29 
  74   43  516  896 3.00 
  74   43  516  981 3.57 
  74   43  565  725 3.71 
  74   43  565  811 3.00 
  74   43  565  896 3.00 
  74   43  565  981 3.00 
  74  128  467  896 3.14 
  74  128  467  981 3.57 
  74  128  516  811 3.00 
  74  128  516  896 3.00 
  74  128  516  981 3.71 
  74  128  565  811 2.86 
  74  128  565  896 3.00 
  74  128  565  981 3.14 
  74  213  467  981 3.86 
  74  213  516  896 3.43 
  74  213  516  981 3.71 
  74  213  565  896 3.57 
  74  213  565  981 3.43 
  74  299  516  981 2.71 
  74  299  565  981 2.71 
 123   43  467  981 -2.00 
 123   43  516  811 2.43 
 123   43  516  896 2.43 
 123   43  516  981 -2.00 
 123   43  565  725 2.71 
 123   43  565  811 2.43 
 123   43  565  896 2.43 
 123   43  565  981 2.57 
 123  128  516  896 2.43 
 123  128  516  981 2.43 
 123  128  565  811 2.57 
 123  128  565  896 2.29 
 123  128  565  981 2.43 
 123  213  516  981 2.57 
 123  213  565  896 2.57 
 123  213  565  981 2.29 
 123  299  565  981 2.29 
 172   43  516  981 -2.00 
 172   43  565  811 1.29 
 172   43  565  896 1.29 
 172   43  565  981 -2.00 
 172  128  565  896 1.29 
 172  128  565  981 1.43 
 172  213  565  981 1.43 
