  26   43  446  811 4.00 
  26   43  446  896 3.86 
  26   43  446  981 -2.00 
  26   43  498  725 3.14 
  26   43  498  811 4.00 
  26   43  498  896 3.71 
  26   43  498  981 4.29 
  26   43  550  725 3.00 
  26   43  550  811 3.71 
  26   43  550  896 3.86 
  26   43  550  981 4.00 
  26   43  603  725 2.86 
  26   43  603  811 3.57 
  26   43  603  896 3.57 
  26   43  603  981 3.71 
  26  128  446  896 3.57 
  26  128  446  981 3.71 
  26  128  498  811 3.57 
  26  128  498  896 3.71 
  26  128  498  981 3.86 
  26  128  550  811 3.29 
  26  128  550  896 3.57 
  26  128  550  981 3.86 
  26  128  603  725 3.29 
  26  128  603  811 3.57 
  26  128  603  896 3.43 
  26  128  603  981 3.57 
  26  213  446  981 4.00 
  26  213  498  896 4.00 
  26  213  498  981 4.00 
  26  213  550  896 3.71 
  26  213  550  981 3.57 
  26  213  603  811 3.57 
  26  213  603  896 3.57 
  26  213  603  981 3.57 
  26  299  498  981 3.57 
  26  299  550  981 3.57 
  26  299  603  896 3.57 
  26  299  603  981 3.43 
  79   43  446  981 -2.00 
  79   43  498  811 3.43 
  79   43  498  896 3.14 
  79   43  498  981 -2.00 
  79   43  550  725 2.86 
  79   43  550  811 3.14 
  79   43  550  896 3.14 
  79   43  550  981 3.00 
  79   43  603  725 2.86 
  79   43  603  811 3.14 
  79   43  603  896 2.71 
  79   43  603  981 3.14 
  79  128  498  896 3.14 
  79  128  498  981 2.86 
  79  128  550  811 3.14 
  79  128  550  896 3.57 
  79  128  550  981 3.71 
  79  128  603  811 3.14 
  79  128  603  896 3.00 
  79  128  603  981 3.00 
  79  213  498  981 3.71 
  79  213  550  896 3.29 
  79  213  550  981 3.29 
  79  213  603  896 3.00 
  79  213  603  981 3.14 
  79  299  550  981 3.00 
  79  299  603  981 3.00 
 131   43  498  981 -2.00 
 131   43  550  811 2.71 
 131   43  550  896 2.43 
 131   43  550  981 -2.00 
 131   43  603  725 2.71 
 131   43  603  811 2.57 
 131   43  603  896 2.43 
 131   43  603  981 2.43 
 131  128  550  896 2.43 
 131  128  550  981 2.57 
 131  128  603  811 2.43 
 131  128  603  896 2.57 
 131  128  603  981 2.57 
 131  213  550  981 2.57 
 131  213  603  896 2.43 
 131  213  603  981 2.71 
 131  299  603  981 2.57 
 183   43  550  981 -2.00 
 183   43  603  811 1.86 
 183   43  603  896 1.86 
 183   43  603  981 -2.00 
 183  128  603  896 2.14 
 183  128  603  981 1.86 
 183  213  603  981 2.00 
