  30   43  506  811 3.29 
  30   43  506  896 3.29 
  30   43  506  981 3.43 
  30   43  566  725 3.00 
  30   43  566  811 2.14 
  30   43  566  896 3.00 
  30   43  566  981 3.14 
  30   43  626  725 2.86 
  30   43  626  811 2.86 
  30   43  626  896 3.00 
  30   43  626  981 3.00 
  30   43  685  725 2.71 
  30   43  685  811 2.86 
  30   43  685  896 2.86 
  30   43  685  981 2.86 
  30  128  506  896 3.14 
  30  128  506  981 3.29 
  30  128  566  811 2.29 
  30  128  566  896 3.00 
  30  128  566  981 3.00 
  30  128  626  811 3.00 
  30  128  626  896 2.86 
  30  128  626  981 3.00 
  30  128  685  725 2.71 
  30  128  685  811 2.71 
  30  128  685  896 2.86 
  30  128  685  981 2.86 
  30  213  506  981 3.14 
  30  213  566  896 3.00 
  30  213  566  981 2.86 
  30  213  626  896 2.86 
  30  213  626  981 2.86 
  30  213  685  811 2.86 
  30  213  685  896 2.71 
  30  213  685  981 2.71 
  30  299  566  981 2.57 
  30  299  626  981 2.43 
  30  299  685  896 2.57 
  30  299  685  981 2.14 
  89   43  506  981 -2.00 
  89   43  566  811 2.86 
  89   43  566  896 2.86 
  89   43  566  981 2.71 
  89   43  626  725 2.86 
  89   43  626  811 2.86 
  89   43  626  896 2.86 
  89   43  626  981 2.86 
  89   43  685  725 2.43 
  89   43  685  811 2.71 
  89   43  685  896 2.71 
  89   43  685  981 2.71 
  89  128  566  896 2.86 
  89  128  566  981 2.86 
  89  128  626  811 2.86 
  89  128  626  896 2.86 
  89  128  626  981 2.86 
  89  128  685  811 2.57 
  89  128  685  896 2.71 
  89  128  685  981 2.71 
  89  213  566  981 2.71 
  89  213  626  896 2.86 
  89  213  626  981 2.71 
  89  213  685  896 2.43 
  89  213  685  981 2.71 
  89  299  626  981 2.43 
  89  299  685  981 2.29 
 149   43  566  981 -2.00 
 149   43  626  811 2.57 
 149   43  626  896 2.57 
 149   43  626  981 2.57 
 149   43  685  725 2.57 
 149   43  685  811 2.57 
 149   43  685  896 2.43 
 149   43  685  981 2.57 
 149  128  626  896 2.57 
 149  128  626  981 2.57 
 149  128  685  811 2.57 
 149  128  685  896 2.57 
 149  128  685  981 2.43 
 149  213  626  981 2.57 
 149  213  685  896 2.57 
 149  213  685  981 2.43 
 149  299  685  981 2.29 
 209   43  626  981 -2.00 
 209   43  685  811 1.86 
 209   43  685  896 2.00 
 209   43  685  981 2.00 
 209  128  685  896 1.71 
 209  128  685  981 2.14 
 209  213  685  981 1.86 
