  34   43  573  811 2.71 
  34   43  573  896 2.86 
  34   43  573  981 2.86 
  34   43  640  725 3.29 
  34   43  640  811 3.00 
  34   43  640  896 3.14 
  34   43  640  981 3.14 
  34   43  708  725 3.29 
  34   43  708  811 3.14 
  34   43  708  896 3.57 
  34   43  708  981 3.29 
  34   43  775  725 3.43 
  34   43  775  811 3.29 
  34   43  775  896 3.86 
  34   43  775  981 3.43 
  34  128  573  896 2.86 
  34  128  573  981 2.86 
  34  128  640  811 3.14 
  34  128  640  896 3.00 
  34  128  640  981 3.00 
  34  128  708  811 3.57 
  34  128  708  896 3.29 
  34  128  708  981 3.14 
  34  128  775  725 3.14 
  34  128  775  811 3.86 
  34  128  775  896 3.43 
  34  128  775  981 3.14 
  34  213  573  981 3.14 
  34  213  640  896 3.14 
  34  213  640  981 3.43 
  34  213  708  896 3.29 
  34  213  708  981 3.43 
  34  213  775  811 3.43 
  34  213  775  896 3.29 
  34  213  775  981 3.29 
  34  299  640  981 2.14 
  34  299  708  981 2.14 
  34  299  775  896 2.00 
  34  299  775  981 2.00 
 101   43  573  981 3.14 
 101   43  640  811 2.86 
 101   43  640  896 4.00 
 101   43  640  981 3.14 
 101   43  708  725 3.29 
 101   43  708  811 3.29 
 101   43  708  896 3.57 
 101   43  708  981 3.71 
 101   43  775  725 3.29 
 101   43  775  811 3.29 
 101   43  775  896 3.43 
 101   43  775  981 3.43 
 101  128  640  896 3.14 
 101  128  640  981 2.86 
 101  128  708  811 3.57 
 101  128  708  896 3.57 
 101  128  708  981 3.57 
 101  128  775  811 3.43 
 101  128  775  896 3.29 
 101  128  775  981 3.00 
 101  213  640  981 3.00 
 101  213  708  896 3.14 
 101  213  708  981 3.57 
 101  213  775  896 3.00 
 101  213  775  981 3.14 
 101  299  708  981 2.14 
 101  299  775  981 2.00 
 169   43  640  981 3.43 
 169   43  708  811 3.00 
 169   43  708  896 3.57 
 169   43  708  981 3.29 
 169   43  775  725 3.14 
 169   43  775  811 3.14 
 169   43  775  896 3.14 
 169   43  775  981 3.14 
 169  128  708  896 3.29 
 169  128  708  981 3.00 
 169  128  775  811 3.29 
 169  128  775  896 3.14 
 169  128  775  981 3.00 
 169  213  708  981 2.86 
 169  213  775  896 3.00 
 169  213  775  981 3.14 
 169  299  775  981 2.00 
 236   43  708  981 3.14 
 236   43  775  811 2.86 
 236   43  775  896 3.14 
 236   43  775  981 3.00 
 236  128  775  896 3.14 
 236  128  775  981 3.00 
 236  213  775  981 2.86 
