  25   43  429  811 1.71 
  25   43  429  896 2.86 
  25   43  429  981 -2.00 
  25   43  479  725 3.00 
  25   43  479  811 2.00 
  25   43  479  896 2.43 
  25   43  479  981 3.86 
  25   43  529  725 2.71 
  25   43  529  811 1.86 
  25   43  529  896 2.29 
  25   43  529  981 4.00 
  25   43  580  725 2.57 
  25   43  580  811 2.00 
  25   43  580  896 2.14 
  25   43  580  981 3.86 
  25  128  429  896 2.43 
  25  128  429  981 3.71 
  25  128  479  811 2.00 
  25  128  479  896 2.57 
  25  128  479  981 3.71 
  25  128  529  811 2.29 
  25  128  529  896 2.29 
  25  128  529  981 3.57 
  25  128  580  725 3.14 
  25  128  580  811 2.29 
  25  128  580  896 2.71 
  25  128  580  981 3.71 
  25  213  429  981 3.43 
  25  213  479  896 2.71 
  25  213  479  981 3.71 
  25  213  529  896 2.57 
  25  213  529  981 3.57 
  25  213  580  811 1.86 
  25  213  580  896 2.43 
  25  213  580  981 3.43 
  25  299  479  981 2.86 
  25  299  529  981 3.00 
  25  299  580  896 2.43 
  25  299  580  981 2.86 
  76   43  429  981 -2.00 
  76   43  479  811 1.86 
  76   43  479  896 2.71 
  76   43  479  981 -2.00 
  76   43  529  725 2.71 
  76   43  529  811 2.00 
  76   43  529  896 2.57 
  76   43  529  981 3.71 
  76   43  580  725 2.29 
  76   43  580  811 2.14 
  76   43  580  896 2.29 
  76   43  580  981 3.57 
  76  128  479  896 2.43 
  76  128  479  981 3.57 
  76  128  529  811 2.14 
  76  128  529  896 2.43 
  76  128  529  981 3.86 
  76  128  580  811 2.00 
  76  128  580  896 2.57 
  76  128  580  981 3.43 
  76  213  479  981 3.57 
  76  213  529  896 2.29 
  76  213  529  981 3.43 
  76  213  580  896 2.14 
  76  213  580  981 3.29 
  76  299  529  981 3.14 
  76  299  580  981 2.86 
 126   43  479  981 -2.00 
 126   43  529  811 2.00 
 126   43  529  896 2.29 
 126   43  529  981 -2.00 
 126   43  580  725 2.43 
 126   43  580  811 1.86 
 126   43  580  896 2.43 
 126   43  580  981 3.29 
 126  128  529  896 2.14 
 126  128  529  981 3.57 
 126  128  580  811 1.71 
 126  128  580  896 2.29 
 126  128  580  981 3.29 
 126  213  529  981 3.14 
 126  213  580  896 2.29 
 126  213  580  981 3.00 
 126  299  580  981 2.57 
 176   43  529  981 -2.00 
 176   43  580  811 1.57 
 176   43  580  896 2.00 
 176   43  580  981 -2.00 
 176  128  580  896 2.14 
 176  128  580  981 2.57 
 176  213  580  981 3.00 
