  25   43  432  811 1.86 
  25   43  432  896 2.00 
  25   43  432  981 -2.00 
  25   43  483  725 2.71 
  25   43  483  811 2.43 
  25   43  483  896 2.29 
  25   43  483  981 2.29 
  25   43  534  725 2.86 
  25   43  534  811 3.14 
  25   43  534  896 2.86 
  25   43  534  981 2.71 
  25   43  585  725 3.71 
  25   43  585  811 3.14 
  25   43  585  896 3.29 
  25   43  585  981 3.00 
  25  128  432  896 2.14 
  25  128  432  981 2.29 
  25  128  483  811 2.86 
  25  128  483  896 2.86 
  25  128  483  981 3.00 
  25  128  534  811 3.57 
  25  128  534  896 3.14 
  25  128  534  981 3.14 
  25  128  585  725 4.29 
  25  128  585  811 4.29 
  25  128  585  896 3.57 
  25  128  585  981 3.71 
  25  213  432  981 2.29 
  25  213  483  896 2.43 
  25  213  483  981 2.43 
  25  213  534  896 2.57 
  25  213  534  981 3.00 
  25  213  585  811 3.00 
  25  213  585  896 3.14 
  25  213  585  981 2.86 
  25  299  483  981 2.71 
  25  299  534  981 3.29 
  25  299  585  896 3.43 
  25  299  585  981 3.57 
  76   43  432  981 -2.00 
  76   43  483  811 3.14 
  76   43  483  896 2.86 
  76   43  483  981 -2.00 
  76   43  534  725 2.71 
  76   43  534  811 3.29 
  76   43  534  896 3.00 
  76   43  534  981 3.00 
  76   43  585  725 3.29 
  76   43  585  811 3.86 
  76   43  585  896 3.71 
  76   43  585  981 3.14 
  76  128  483  896 3.14 
  76  128  483  981 3.00 
  76  128  534  811 4.14 
  76  128  534  896 3.43 
  76  128  534  981 3.43 
  76  128  585  811 4.14 
  76  128  585  896 4.00 
  76  128  585  981 3.86 
  76  213  483  981 3.14 
  76  213  534  896 3.14 
  76  213  534  981 2.71 
  76  213  585  896 2.86 
  76  213  585  981 3.00 
  76  299  534  981 3.43 
  76  299  585  981 3.57 
 127   43  483  981 -2.00 
 127   43  534  811 3.14 
 127   43  534  896 3.00 
 127   43  534  981 -2.00 
 127   43  585  725 3.71 
 127   43  585  811 4.00 
 127   43  585  896 3.14 
 127   43  585  981 3.71 
 127  128  534  896 3.57 
 127  128  534  981 2.86 
 127  128  585  811 4.43 
 127  128  585  896 3.57 
 127  128  585  981 3.57 
 127  213  534  981 3.14 
 127  213  585  896 2.57 
 127  213  585  981 2.86 
 127  299  585  981 3.43 
 178   43  534  981 -2.00 
 178   43  585  811 2.86 
 178   43  585  896 3.71 
 178   43  585  981 -2.00 
 178  128  585  896 3.29 
 178  128  585  981 3.43 
 178  213  585  981 2.86 
