  43   27  725  522 2.86 
  43   27  725  577 2.86 
  43   27  725  632 2.86 
  43   27  811  467 2.43 
  43   27  811  522 3.86 
  43   27  811  577 4.00 
  43   27  811  632 3.57 
  43   27  896  467 2.57 
  43   27  896  522 3.57 
  43   27  896  577 3.43 
  43   27  896  632 3.00 
  43   27  981  467 -2.00 
  43   27  981  522 3.00 
  43   27  981  577 3.00 
  43   27  981  632 3.00 
  43   82  725  577 2.43 
  43   82  725  632 2.43 
  43   82  811  522 2.57 
  43   82  811  577 2.29 
  43   82  811  632 2.43 
  43   82  896  522 2.57 
  43   82  896  577 2.57 
  43   82  896  632 2.43 
  43   82  981  467 -2.00 
  43   82  981  522 -2.00 
  43   82  981  577 2.43 
  43   82  981  632 2.43 
  43  137  725  632 2.86 
  43  137  811  577 3.29 
  43  137  811  632 3.29 
  43  137  896  577 3.29 
  43  137  896  632 3.00 
  43  137  981  522 -2.00 
  43  137  981  577 -2.00 
  43  137  981  632 3.00 
  43  192  811  632 3.57 
  43  192  896  632 3.14 
  43  192  981  577 -2.00 
  43  192  981  632 -2.00 
 128   27  725  632 3.14 
 128   27  811  522 4.00 
 128   27  811  577 3.86 
 128   27  811  632 3.71 
 128   27  896  467 2.43 
 128   27  896  522 3.00 
 128   27  896  577 3.00 
 128   27  896  632 3.00 
 128   27  981  467 2.57 
 128   27  981  522 3.00 
 128   27  981  577 3.00 
 128   27  981  632 3.00 
 128   82  811  577 2.29 
 128   82  811  632 2.29 
 128   82  896  522 2.43 
 128   82  896  577 2.43 
 128   82  896  632 2.43 
 128   82  981  522 2.43 
 128   82  981  577 2.57 
 128   82  981  632 2.43 
 128  137  811  632 3.29 
 128  137  896  577 3.14 
 128  137  896  632 3.00 
 128  137  981  577 3.00 
 128  137  981  632 3.00 
 128  192  896  632 3.14 
 128  192  981  632 3.00 
 213   27  811  632 3.14 
 213   27  896  522 3.00 
 213   27  896  577 3.00 
 213   27  896  632 3.00 
 213   27  981  467 2.43 
 213   27  981  522 3.00 
 213   27  981  577 3.00 
 213   27  981  632 3.00 
 213   82  896  577 2.29 
 213   82  896  632 2.29 
 213   82  981  522 2.43 
 213   82  981  577 2.43 
 213   82  981  632 2.43 
 213  137  896  632 3.00 
 213  137  981  577 3.00 
 213  137  981  632 3.00 
 213  192  981  632 3.00 
 299   27  896  632 3.00 
 299   27  981  522 3.57 
 299   27  981  577 3.57 
 299   27  981  632 3.57 
 299   82  981  577 2.29 
 299   82  981  632 2.29 
 299  137  981  632 3.00 
