  35   43  588  811 2.57 
  35   43  588  896 2.86 
  35   43  588  981 2.57 
  35   43  657  725 2.86 
  35   43  657  811 3.29 
  35   43  657  896 3.14 
  35   43  657  981 3.00 
  35   43  726  725 3.00 
  35   43  726  811 4.14 
  35   43  726  896 3.57 
  35   43  726  981 3.29 
  35   43  795  725 2.86 
  35   43  795  811 4.57 
  35   43  795  896 4.00 
  35   43  795  981 3.29 
  35  128  588  896 2.86 
  35  128  588  981 2.71 
  35  128  657  811 2.86 
  35  128  657  896 2.86 
  35  128  657  981 2.86 
  35  128  726  811 4.14 
  35  128  726  896 3.14 
  35  128  726  981 3.00 
  35  128  795  725 3.71 
  35  128  795  811 4.43 
  35  128  795  896 3.14 
  35  128  795  981 3.29 
  35  213  588  981 2.57 
  35  213  657  896 3.00 
  35  213  657  981 2.57 
  35  213  726  896 3.14 
  35  213  726  981 3.00 
  35  213  795  811 3.29 
  35  213  795  896 3.14 
  35  213  795  981 3.00 
  35  299  657  981 2.86 
  35  299  726  981 2.71 
  35  299  795  896 3.29 
  35  299  795  981 3.14 
 104   43  588  981 2.57 
 104   43  657  811 3.43 
 104   43  657  896 3.57 
 104   43  657  981 3.43 
 104   43  726  725 2.71 
 104   43  726  811 4.14 
 104   43  726  896 3.86 
 104   43  726  981 3.29 
 104   43  795  725 3.00 
 104   43  795  811 4.29 
 104   43  795  896 4.29 
 104   43  795  981 3.57 
 104  128  657  896 3.00 
 104  128  657  981 3.14 
 104  128  726  811 4.14 
 104  128  726  896 3.57 
 104  128  726  981 3.14 
 104  128  795  811 4.57 
 104  128  795  896 3.43 
 104  128  795  981 3.29 
 104  213  657  981 2.71 
 104  213  726  896 3.29 
 104  213  726  981 3.00 
 104  213  795  896 3.14 
 104  213  795  981 3.00 
 104  299  726  981 3.29 
 104  299  795  981 3.57 
 173   43  657  981 3.43 
 173   43  726  811 3.57 
 173   43  726  896 3.29 
 173   43  726  981 3.29 
 173   43  795  725 2.86 
 173   43  795  811 3.86 
 173   43  795  896 3.43 
 173   43  795  981 3.00 
 173  128  726  896 3.43 
 173  128  726  981 2.86 
 173  128  795  811 3.71 
 173  128  795  896 3.00 
 173  128  795  981 3.00 
 173  213  726  981 3.00 
 173  213  795  896 3.00 
 173  213  795  981 3.00 
 173  299  795  981 3.14 
 242   43  726  981 2.57 
 242   43  795  811 3.14 
 242   43  795  896 2.71 
 242   43  795  981 2.43 
 242  128  795  896 2.43 
 242  128  795  981 2.57 
 242  213  795  981 2.57 
