  24   43  407  811 1.14 
  24   43  407  896 -2.00 
  24   43  407  981 -2.00 
  24   43  455  725 1.43 
  24   43  455  811 1.57 
  24   43  455  896 1.43 
  24   43  455  981 1.57 
  24   43  503  725 2.43 
  24   43  503  811 2.86 
  24   43  503  896 2.86 
  24   43  503  981 3.29 
  24   43  551  725 2.71 
  24   43  551  811 3.14 
  24   43  551  896 4.00 
  24   43  551  981 3.71 
  24  128  407  896 1.14 
  24  128  407  981 -2.00 
  24  128  455  811 1.57 
  24  128  455  896 1.43 
  24  128  455  981 1.57 
  24  128  503  811 3.00 
  24  128  503  896 3.43 
  24  128  503  981 3.29 
  24  128  551  725 3.00 
  24  128  551  811 3.57 
  24  128  551  896 4.00 
  24  128  551  981 3.86 
  24  213  407  981 1.14 
  24  213  455  896 1.71 
  24  213  455  981 1.43 
  24  213  503  896 3.71 
  24  213  503  981 3.29 
  24  213  551  811 3.86 
  24  213  551  896 4.00 
  24  213  551  981 3.86 
  24  299  455  981 1.43 
  24  299  503  981 2.57 
  24  299  551  896 3.00 
  24  299  551  981 2.86 
  72   43  407  981 -2.00 
  72   43  455  811 1.57 
  72   43  455  896 -2.00 
  72   43  455  981 -2.00 
  72   43  503  725 2.57 
  72   43  503  811 3.00 
  72   43  503  896 3.29 
  72   43  503  981 3.57 
  72   43  551  725 2.71 
  72   43  551  811 3.00 
  72   43  551  896 3.71 
  72   43  551  981 3.86 
  72  128  455  896 1.57 
  72  128  455  981 -2.00 
  72  128  503  811 3.43 
  72  128  503  896 4.00 
  72  128  503  981 3.43 
  72  128  551  811 3.29 
  72  128  551  896 3.71 
  72  128  551  981 3.86 
  72  213  455  981 1.71 
  72  213  503  896 4.14 
  72  213  503  981 3.29 
  72  213  551  896 4.14 
  72  213  551  981 3.57 
  72  299  503  981 2.57 
  72  299  551  981 2.71 
 120   43  455  981 -2.00 
 120   43  503  811 3.29 
 120   43  503  896 -2.00 
 120   43  503  981 -2.00 
 120   43  551  725 2.71 
 120   43  551  811 3.14 
 120   43  551  896 3.43 
 120   43  551  981 3.71 
 120  128  503  896 4.00 
 120  128  503  981 -2.00 
 120  128  551  811 3.43 
 120  128  551  896 3.29 
 120  128  551  981 3.57 
 120  213  503  981 3.57 
 120  213  551  896 4.00 
 120  213  551  981 3.71 
 120  299  551  981 2.71 
 168   43  503  981 -2.00 
 168   43  551  811 2.86 
 168   43  551  896 -2.00 
 168   43  551  981 -2.00 
 168  128  551  896 3.14 
 168  128  551  981 -2.00 
 168  213  551  981 3.29 
