  24   43  412  811 1.29 
  24   43  412  896 -2.00 
  24   43  412  981 -2.00 
  24   43  460  725 3.00 
  24   43  460  811 3.00 
  24   43  460  896 3.14 
  24   43  460  981 2.86 
  24   43  508  725 3.57 
  24   43  508  811 3.43 
  24   43  508  896 3.71 
  24   43  508  981 3.71 
  24   43  557  725 3.86 
  24   43  557  811 3.71 
  24   43  557  896 3.86 
  24   43  557  981 3.71 
  24  128  412  896 1.29 
  24  128  412  981 -2.00 
  24  128  460  811 2.86 
  24  128  460  896 3.00 
  24  128  460  981 3.00 
  24  128  508  811 3.14 
  24  128  508  896 3.14 
  24  128  508  981 4.00 
  24  128  557  725 4.00 
  24  128  557  811 3.29 
  24  128  557  896 3.71 
  24  128  557  981 3.71 
  24  213  412  981 1.43 
  24  213  460  896 2.71 
  24  213  460  981 3.00 
  24  213  508  896 3.14 
  24  213  508  981 3.43 
  24  213  557  811 3.71 
  24  213  557  896 3.86 
  24  213  557  981 3.86 
  24  299  460  981 2.86 
  24  299  508  981 3.29 
  24  299  557  896 3.43 
  24  299  557  981 3.29 
  73   43  412  981 -2.00 
  73   43  460  811 3.29 
  73   43  460  896 -2.00 
  73   43  460  981 -2.00 
  73   43  508  725 3.86 
  73   43  508  811 3.71 
  73   43  508  896 3.71 
  73   43  508  981 3.71 
  73   43  557  725 3.86 
  73   43  557  811 3.43 
  73   43  557  896 3.86 
  73   43  557  981 3.71 
  73  128  460  896 3.29 
  73  128  460  981 -2.00 
  73  128  508  811 3.29 
  73  128  508  896 3.43 
  73  128  508  981 3.71 
  73  128  557  811 3.14 
  73  128  557  896 3.29 
  73  128  557  981 3.86 
  73  213  460  981 3.57 
  73  213  508  896 3.29 
  73  213  508  981 4.00 
  73  213  557  896 3.43 
  73  213  557  981 3.43 
  73  299  508  981 3.14 
  73  299  557  981 3.00 
 121   43  460  981 -2.00 
 121   43  508  811 3.43 
 121   43  508  896 -2.00 
 121   43  508  981 -2.00 
 121   43  557  725 3.14 
 121   43  557  811 3.29 
 121   43  557  896 3.14 
 121   43  557  981 3.43 
 121  128  508  896 3.43 
 121  128  508  981 -2.00 
 121  128  557  811 3.29 
 121  128  557  896 3.29 
 121  128  557  981 3.43 
 121  213  508  981 3.29 
 121  213  557  896 3.29 
 121  213  557  981 3.29 
 121  299  557  981 3.00 
 169   43  508  981 -2.00 
 169   43  557  811 2.71 
 169   43  557  896 -2.00 
 169   43  557  981 -2.00 
 169  128  557  896 3.14 
 169  128  557  981 -2.00 
 169  213  557  981 2.86 
