  43   29  725  559 2.29 
  43   29  725  618 3.14 
  43   29  725  677 4.14 
  43   29  811  500 2.00 
  43   29  811  559 2.71 
  43   29  811  618 3.43 
  43   29  811  677 4.14 
  43   29  896  500 1.71 
  43   29  896  559 2.43 
  43   29  896  618 3.14 
  43   29  896  677 3.86 
  43   29  981  500 2.00 
  43   29  981  559 2.57 
  43   29  981  618 2.86 
  43   29  981  677 3.43 
  43   88  725  618 3.29 
  43   88  725  677 4.14 
  43   88  811  559 2.86 
  43   88  811  618 3.57 
  43   88  811  677 4.14 
  43   88  896  559 2.86 
  43   88  896  618 3.29 
  43   88  896  677 3.57 
  43   88  981  500 -2.00 
  43   88  981  559 2.71 
  43   88  981  618 3.14 
  43   88  981  677 3.14 
  43  147  725  677 3.43 
  43  147  811  618 4.43 
  43  147  811  677 3.14 
  43  147  896  618 3.57 
  43  147  896  677 3.14 
  43  147  981  559 -2.00 
  43  147  981  618 3.29 
  43  147  981  677 3.14 
  43  206  811  677 3.00 
  43  206  896  677 3.00 
  43  206  981  618 -2.00 
  43  206  981  677 3.00 
 128   29  725  677 3.71 
 128   29  811  559 2.29 
 128   29  811  618 3.00 
 128   29  811  677 3.29 
 128   29  896  500 1.71 
 128   29  896  559 2.43 
 128   29  896  618 2.86 
 128   29  896  677 3.00 
 128   29  981  500 1.86 
 128   29  981  559 2.43 
 128   29  981  618 2.57 
 128   29  981  677 2.86 
 128   88  811  618 3.00 
 128   88  811  677 3.00 
 128   88  896  559 2.71 
 128   88  896  618 2.86 
 128   88  896  677 2.86 
 128   88  981  559 2.57 
 128   88  981  618 2.86 
 128   88  981  677 2.86 
 128  147  811  677 3.00 
 128  147  896  618 2.86 
 128  147  896  677 2.86 
 128  147  981  618 3.00 
 128  147  981  677 2.86 
 128  206  896  677 2.86 
 128  206  981  677 2.86 
 213   29  811  677 2.86 
 213   29  896  559 2.29 
 213   29  896  618 2.57 
 213   29  896  677 2.43 
 213   29  981  500 1.57 
 213   29  981  559 2.43 
 213   29  981  618 2.57 
 213   29  981  677 2.57 
 213   88  896  618 2.71 
 213   88  896  677 2.43 
 213   88  981  559 2.43 
 213   88  981  618 2.43 
 213   88  981  677 2.71 
 213  147  896  677 2.57 
 213  147  981  618 2.57 
 213  147  981  677 2.43 
 213  206  981  677 2.57 
 299   29  896  677 1.86 
 299   29  981  559 1.29 
 299   29  981  618 1.29 
 299   29  981  677 1.57 
 299   88  981  618 1.29 
 299   88  981  677 1.43 
 299  147  981  677 1.29 
