  43   39  725  735 2.57 
  43   39  725  813 3.14 
  43   39  725  890 3.14 
  43   39  811  658 3.43 
  43   39  811  735 3.43 
  43   39  811  813 3.57 
  43   39  811  890 3.29 
  43   39  896  658 3.43 
  43   39  896  735 4.00 
  43   39  896  813 4.00 
  43   39  896  890 4.14 
  43   39  981  658 4.00 
  43   39  981  735 4.43 
  43   39  981  813 4.43 
  43   39  981  890 4.29 
  43  116  725  813 2.00 
  43  116  725  890 2.00 
  43  116  811  735 2.29 
  43  116  811  813 1.86 
  43  116  811  890 2.29 
  43  116  896  735 2.57 
  43  116  896  813 2.00 
  43  116  896  890 2.14 
  43  116  981  658 2.71 
  43  116  981  735 2.71 
  43  116  981  813 2.43 
  43  116  981  890 2.29 
  43  194  725  890 1.29 
  43  194  811  813 1.43 
  43  194  811  890 1.43 
  43  194  896  813 1.86 
  43  194  896  890 1.29 
  43  194  981  735 1.71 
  43  194  981  813 1.71 
  43  194  981  890 1.43 
  43  271  811  890 1.14 
  43  271  896  890 1.14 
  43  271  981  813 1.00 
  43  271  981  890 1.00 
 128   39  725  890 3.43 
 128   39  811  735 3.86 
 128   39  811  813 3.86 
 128   39  811  890 3.43 
 128   39  896  658 4.14 
 128   39  896  735 4.00 
 128   39  896  813 4.29 
 128   39  896  890 4.14 
 128   39  981  658 3.57 
 128   39  981  735 3.71 
 128   39  981  813 3.86 
 128   39  981  890 3.86 
 128  116  811  813 2.29 
 128  116  811  890 2.29 
 128  116  896  735 2.71 
 128  116  896  813 2.29 
 128  116  896  890 2.14 
 128  116  981  735 2.43 
 128  116  981  813 2.00 
 128  116  981  890 2.14 
 128  194  811  890 1.43 
 128  194  896  813 1.43 
 128  194  896  890 1.29 
 128  194  981  813 1.57 
 128  194  981  890 1.29 
 128  271  896  890 1.14 
 128  271  981  890 1.00 
 213   39  811  890 2.71 
 213   39  896  735 2.43 
 213   39  896  813 2.57 
 213   39  896  890 2.57 
 213   39  981  658 2.71 
 213   39  981  735 2.57 
 213   39  981  813 2.57 
 213   39  981  890 2.57 
 213  116  896  813 2.00 
 213  116  896  890 2.00 
 213  116  981  735 2.29 
 213  116  981  813 2.00 
 213  116  981  890 2.00 
 213  194  896  890 1.29 
 213  194  981  813 1.57 
 213  194  981  890 1.43 
 213  271  981  890 1.00 
 299   39  896  890 1.29 
 299   39  981  735 1.43 
 299   39  981  813 1.57 
 299   39  981  890 1.57 
 299  116  981  813 1.29 
 299  116  981  890 1.43 
 299  194  981  890 1.29 
