  22   43  375  811 1.43 
  22   43  375  896 -2.00 
  22   43  375  981 -2.00 
  22   43  419  725 1.71 
  22   43  419  811 1.86 
  22   43  419  896 1.57 
  22   43  419  981 -2.00 
  22   43  463  725 2.57 
  22   43  463  811 2.57 
  22   43  463  896 2.57 
  22   43  463  981 2.57 
  22   43  507  725 3.00 
  22   43  507  811 3.00 
  22   43  507  896 3.14 
  22   43  507  981 3.86 
  22  128  375  896 1.29 
  22  128  375  981 -2.00 
  22  128  419  811 1.71 
  22  128  419  896 2.00 
  22  128  419  981 1.57 
  22  128  463  811 2.71 
  22  128  463  896 2.86 
  22  128  463  981 2.71 
  22  128  507  725 3.00 
  22  128  507  811 3.29 
  22  128  507  896 4.00 
  22  128  507  981 3.86 
  22  213  375  981 1.29 
  22  213  419  896 1.71 
  22  213  419  981 1.86 
  22  213  463  896 2.57 
  22  213  463  981 2.57 
  22  213  507  811 3.71 
  22  213  507  896 3.14 
  22  213  507  981 2.71 
  22  299  419  981 1.57 
  22  299  463  981 1.86 
  22  299  507  896 2.00 
  22  299  507  981 2.00 
  66   43  375  981 -2.00 
  66   43  419  811 1.86 
  66   43  419  896 -2.00 
  66   43  419  981 -2.00 
  66   43  463  725 2.57 
  66   43  463  811 2.43 
  66   43  463  896 2.71 
  66   43  463  981 -2.00 
  66   43  507  725 3.00 
  66   43  507  811 3.00 
  66   43  507  896 3.29 
  66   43  507  981 3.71 
  66  128  419  896 2.00 
  66  128  419  981 -2.00 
  66  128  463  811 2.71 
  66  128  463  896 2.86 
  66  128  463  981 2.71 
  66  128  507  811 3.43 
  66  128  507  896 4.14 
  66  128  507  981 4.14 
  66  213  419  981 1.86 
  66  213  463  896 2.71 
  66  213  463  981 2.57 
  66  213  507  896 3.00 
  66  213  507  981 2.57 
  66  299  463  981 2.00 
  66  299  507  981 2.00 
 110   43  419  981 -2.00 
 110   43  463  811 2.57 
 110   43  463  896 -2.00 
 110   43  463  981 -2.00 
 110   43  507  725 3.00 
 110   43  507  811 3.00 
 110   43  507  896 3.43 
 110   43  507  981 -2.00 
 110  128  463  896 3.29 
 110  128  463  981 -2.00 
 110  128  507  811 3.71 
 110  128  507  896 4.14 
 110  128  507  981 4.14 
 110  213  463  981 2.57 
 110  213  507  896 3.29 
 110  213  507  981 2.57 
 110  299  507  981 2.14 
 154   43  463  981 -2.00 
 154   43  507  811 3.14 
 154   43  507  896 -2.00 
 154   43  507  981 -2.00 
 154  128  507  896 4.14 
 154  128  507  981 -2.00 
 154  213  507  981 2.71 
