  43   28  725  539 3.86 
  43   28  725  596 4.29 
  43   28  725  653 3.86 
  43   28  811  482 2.43 
  43   28  811  539 4.00 
  43   28  811  596 4.00 
  43   28  811  653 4.29 
  43   28  896  482 2.29 
  43   28  896  539 4.00 
  43   28  896  596 4.29 
  43   28  896  653 4.14 
  43   28  981  482 -2.00 
  43   28  981  539 3.86 
  43   28  981  596 4.43 
  43   28  981  653 4.14 
  43   85  725  596 2.86 
  43   85  725  653 3.14 
  43   85  811  539 3.14 
  43   85  811  596 3.14 
  43   85  811  653 3.00 
  43   85  896  539 3.14 
  43   85  896  596 3.29 
  43   85  896  653 2.86 
  43   85  981  482 -2.00 
  43   85  981  539 -2.00 
  43   85  981  596 3.14 
  43   85  981  653 3.14 
  43  142  725  653 1.86 
  43  142  811  596 2.14 
  43  142  811  653 2.00 
  43  142  896  596 2.29 
  43  142  896  653 2.00 
  43  142  981  539 -2.00 
  43  142  981  596 -2.00 
  43  142  981  653 2.00 
  43  199  811  653 1.43 
  43  199  896  653 1.57 
  43  199  981  596 -2.00 
  43  199  981  653 -2.00 
 128   28  725  653 2.29 
 128   28  811  539 2.29 
 128   28  811  596 2.14 
 128   28  811  653 2.29 
 128   28  896  482 2.14 
 128   28  896  539 2.43 
 128   28  896  596 2.43 
 128   28  896  653 2.14 
 128   28  981  482 2.14 
 128   28  981  539 2.29 
 128   28  981  596 2.43 
 128   28  981  653 2.29 
 128   85  811  596 2.43 
 128   85  811  653 2.00 
 128   85  896  539 2.14 
 128   85  896  596 2.14 
 128   85  896  653 2.14 
 128   85  981  539 2.43 
 128   85  981  596 2.43 
 128   85  981  653 2.29 
 128  142  811  653 1.71 
 128  142  896  596 2.00 
 128  142  896  653 1.57 
 128  142  981  596 2.00 
 128  142  981  653 1.86 
 128  199  896  653 1.29 
 128  199  981  653 1.43 
 213   28  811  653 1.29 
 213   28  896  539 1.29 
 213   28  896  596 1.43 
 213   28  896  653 1.29 
 213   28  981  482 1.14 
 213   28  981  539 1.29 
 213   28  981  596 1.29 
 213   28  981  653 1.43 
 213   85  896  596 1.14 
 213   85  896  653 1.43 
 213   85  981  539 1.29 
 213   85  981  596 1.29 
 213   85  981  653 1.29 
 213  142  896  653 1.14 
 213  142  981  596 1.00 
 213  142  981  653 1.14 
 213  199  981  653 1.00 
 299   28  896  653 1.00 
 299   28  981  539 1.00 
 299   28  981  596 1.00 
 299   28  981  653 1.00 
 299   85  981  596 1.00 
 299   85  981  653 1.00 
 299  142  981  653 1.00 
