  29   43  498  811 4.57 
  29   43  498  896 4.43 
  29   43  498  981 4.43 
  29   43  557  725 4.00 
  29   43  557  811 3.86 
  29   43  557  896 4.00 
  29   43  557  981 3.86 
  29   43  615  725 3.57 
  29   43  615  811 3.43 
  29   43  615  896 3.57 
  29   43  615  981 3.71 
  29   43  674  725 3.86 
  29   43  674  811 3.86 
  29   43  674  896 3.71 
  29   43  674  981 4.00 
  29  128  498  896 4.14 
  29  128  498  981 4.14 
  29  128  557  811 3.71 
  29  128  557  896 3.86 
  29  128  557  981 3.57 
  29  128  615  811 3.71 
  29  128  615  896 3.29 
  29  128  615  981 3.57 
  29  128  674  725 3.57 
  29  128  674  811 3.71 
  29  128  674  896 3.71 
  29  128  674  981 3.86 
  29  213  498  981 3.86 
  29  213  557  896 3.57 
  29  213  557  981 3.71 
  29  213  615  896 3.29 
  29  213  615  981 3.29 
  29  213  674  811 3.43 
  29  213  674  896 3.14 
  29  213  674  981 3.43 
  29  299  557  981 3.71 
  29  299  615  981 3.29 
  29  299  674  896 3.57 
  29  299  674  981 3.43 
  88   43  498  981 -2.00 
  88   43  557  811 2.43 
  88   43  557  896 2.86 
  88   43  557  981 2.71 
  88   43  615  725 2.71 
  88   43  615  811 3.00 
  88   43  615  896 2.57 
  88   43  615  981 2.71 
  88   43  674  725 2.86 
  88   43  674  811 2.43 
  88   43  674  896 2.86 
  88   43  674  981 2.57 
  88  128  557  896 2.71 
  88  128  557  981 2.86 
  88  128  615  811 2.57 
  88  128  615  896 2.71 
  88  128  615  981 2.57 
  88  128  674  811 2.71 
  88  128  674  896 2.57 
  88  128  674  981 2.71 
  88  213  557  981 2.43 
  88  213  615  896 2.57 
  88  213  615  981 2.57 
  88  213  674  896 2.71 
  88  213  674  981 2.43 
  88  299  615  981 2.43 
  88  299  674  981 2.57 
 146   43  557  981 -2.00 
 146   43  615  811 1.57 
 146   43  615  896 1.43 
 146   43  615  981 1.43 
 146   43  674  725 1.57 
 146   43  674  811 1.43 
 146   43  674  896 1.71 
 146   43  674  981 1.57 
 146  128  615  896 1.43 
 146  128  615  981 1.57 
 146  128  674  811 1.43 
 146  128  674  896 1.29 
 146  128  674  981 1.43 
 146  213  615  981 1.43 
 146  213  674  896 1.57 
 146  213  674  981 1.43 
 146  299  674  981 1.43 
 205   43  615  981 -2.00 
 205   43  674  811 1.57 
 205   43  674  896 1.71 
 205   43  674  981 1.57 
 205  128  674  896 1.43 
 205  128  674  981 1.86 
 205  213  674  981 1.29 
