  30   43  509  811 1.43 
  30   43  509  896 2.00 
  30   43  509  981 2.14 
  30   43  568  725 1.29 
  30   43  568  811 1.57 
  30   43  568  896 2.71 
  30   43  568  981 2.71 
  30   43  628  725 1.14 
  30   43  628  811 1.86 
  30   43  628  896 3.86 
  30   43  628  981 4.43 
  30   43  688  725 1.29 
  30   43  688  811 2.00 
  30   43  688  896 4.29 
  30   43  688  981 4.71 
  30  128  509  896 2.43 
  30  128  509  981 2.14 
  30  128  568  811 1.57 
  30  128  568  896 2.86 
  30  128  568  981 2.71 
  30  128  628  811 2.00 
  30  128  628  896 3.29 
  30  128  628  981 3.43 
  30  128  688  725 1.14 
  30  128  688  811 2.00 
  30  128  688  896 4.00 
  30  128  688  981 3.57 
  30  213  509  981 2.00 
  30  213  568  896 2.57 
  30  213  568  981 2.57 
  30  213  628  896 3.57 
  30  213  628  981 2.86 
  30  213  688  811 1.86 
  30  213  688  896 3.86 
  30  213  688  981 3.86 
  30  299  568  981 2.29 
  30  299  628  981 3.14 
  30  299  688  896 3.86 
  30  299  688  981 2.86 
  90   43  509  981 -2.00 
  90   43  568  811 1.43 
  90   43  568  896 2.86 
  90   43  568  981 2.86 
  90   43  628  725 1.29 
  90   43  628  811 1.86 
  90   43  628  896 4.00 
  90   43  628  981 4.57 
  90   43  688  725 1.14 
  90   43  688  811 2.00 
  90   43  688  896 3.86 
  90   43  688  981 4.29 
  90  128  568  896 3.14 
  90  128  568  981 3.14 
  90  128  628  811 2.00 
  90  128  628  896 3.43 
  90  128  628  981 3.57 
  90  128  688  811 1.86 
  90  128  688  896 3.29 
  90  128  688  981 3.43 
  90  213  568  981 2.71 
  90  213  628  896 3.57 
  90  213  628  981 3.14 
  90  213  688  896 3.43 
  90  213  688  981 3.00 
  90  299  628  981 2.43 
  90  299  688  981 3.14 
 150   43  568  981 -2.00 
 150   43  628  811 1.43 
 150   43  628  896 2.43 
 150   43  628  981 2.43 
 150   43  688  725 1.29 
 150   43  688  811 1.71 
 150   43  688  896 2.43 
 150   43  688  981 2.57 
 150  128  628  896 2.43 
 150  128  628  981 2.43 
 150  128  688  811 2.14 
 150  128  688  896 2.43 
 150  128  688  981 2.43 
 150  213  628  981 2.57 
 150  213  688  896 2.43 
 150  213  688  981 2.14 
 150  299  688  981 2.00 
 209   43  628  981 -2.00 
 209   43  688  811 1.43 
 209   43  688  896 1.86 
 209   43  688  981 1.57 
 209  128  688  896 1.71 
 209  128  688  981 1.71 
 209  213  688  981 1.86 
