  43   35  725  670 1.86 
  43   35  725  740 1.86 
  43   35  725  811 1.43 
  43   35  811  599 1.00 
  43   35  811  670 1.00 
  43   35  811  740 1.14 
  43   35  811  811 1.00 
  43   35  896  599 1.29 
  43   35  896  670 1.29 
  43   35  896  740 1.43 
  43   35  896  811 1.43 
  43   35  981  599 3.29 
  43   35  981  670 3.00 
  43   35  981  740 3.71 
  43   35  981  811 3.57 
  43  106  725  740 1.57 
  43  106  725  811 1.29 
  43  106  811  670 1.00 
  43  106  811  740 1.00 
  43  106  811  811 1.00 
  43  106  896  670 1.29 
  43  106  896  740 1.29 
  43  106  896  811 1.43 
  43  106  981  599 3.43 
  43  106  981  670 3.14 
  43  106  981  740 3.00 
  43  106  981  811 3.14 
  43  176  725  811 1.57 
  43  176  811  740 1.00 
  43  176  811  811 1.00 
  43  176  896  740 1.29 
  43  176  896  811 1.29 
  43  176  981  670 2.57 
  43  176  981  740 2.57 
  43  176  981  811 2.14 
  43  247  811  811 1.57 
  43  247  896  811 1.00 
  43  247  981  740 1.00 
  43  247  981  811 1.00 
 128   35  725  811 1.86 
 128   35  811  670 1.14 
 128   35  811  740 1.00 
 128   35  811  811 1.00 
 128   35  896  599 1.29 
 128   35  896  670 1.43 
 128   35  896  740 1.43 
 128   35  896  811 1.43 
 128   35  981  599 3.00 
 128   35  981  670 3.14 
 128   35  981  740 3.71 
 128   35  981  811 3.71 
 128  106  811  740 1.00 
 128  106  811  811 1.00 
 128  106  896  670 1.29 
 128  106  896  740 1.43 
 128  106  896  811 1.29 
 128  106  981  670 3.00 
 128  106  981  740 3.00 
 128  106  981  811 3.14 
 128  176  811  811 1.00 
 128  176  896  740 1.29 
 128  176  896  811 1.43 
 128  176  981  740 2.14 
 128  176  981  811 2.00 
 128  247  896  811 1.00 
 128  247  981  811 1.00 
 213   35  811  811 1.00 
 213   35  896  670 1.29 
 213   35  896  740 1.43 
 213   35  896  811 1.43 
 213   35  981  599 3.43 
 213   35  981  670 3.57 
 213   35  981  740 3.71 
 213   35  981  811 3.57 
 213  106  896  740 1.29 
 213  106  896  811 1.43 
 213  106  981  670 3.29 
 213  106  981  740 3.43 
 213  106  981  811 3.14 
 213  176  896  811 1.29 
 213  176  981  740 2.43 
 213  176  981  811 2.14 
 213  247  981  811 1.00 
 299   35  896  811 1.43 
 299   35  981  670 3.43 
 299   35  981  740 3.57 
 299   35  981  811 3.43 
 299  106  981  740 3.43 
 299  106  981  811 3.14 
 299  176  981  811 2.14 
