  23   43  392  811 2.43 
  23   43  392  896 -2.00 
  23   43  392  981 -2.00 
  23   43  439  725 1.86 
  23   43  439  811 3.00 
  23   43  439  896 3.71 
  23   43  439  981 -2.00 
  23   43  485  725 1.86 
  23   43  485  811 3.57 
  23   43  485  896 4.43 
  23   43  485  981 4.14 
  23   43  531  725 1.71 
  23   43  531  811 3.57 
  23   43  531  896 4.57 
  23   43  531  981 4.00 
  23  128  392  896 2.57 
  23  128  392  981 -2.00 
  23  128  439  811 3.00 
  23  128  439  896 3.00 
  23  128  439  981 3.43 
  23  128  485  811 3.71 
  23  128  485  896 3.71 
  23  128  485  981 3.29 
  23  128  531  725 2.00 
  23  128  531  811 4.00 
  23  128  531  896 3.43 
  23  128  531  981 3.29 
  23  213  392  981 1.43 
  23  213  439  896 1.57 
  23  213  439  981 1.57 
  23  213  485  896 1.43 
  23  213  485  981 1.43 
  23  213  531  811 1.43 
  23  213  531  896 1.57 
  23  213  531  981 1.43 
  23  299  439  981 1.14 
  23  299  485  981 1.14 
  23  299  531  896 1.29 
  23  299  531  981 1.43 
  69   43  392  981 -2.00 
  69   43  439  811 3.86 
  69   43  439  896 -2.00 
  69   43  439  981 -2.00 
  69   43  485  725 1.86 
  69   43  485  811 3.71 
  69   43  485  896 4.86 
  69   43  485  981 -2.00 
  69   43  531  725 1.86 
  69   43  531  811 3.57 
  69   43  531  896 4.00 
  69   43  531  981 4.29 
  69  128  439  896 3.86 
  69  128  439  981 -2.00 
  69  128  485  811 3.86 
  69  128  485  896 3.57 
  69  128  485  981 3.71 
  69  128  531  811 3.86 
  69  128  531  896 3.86 
  69  128  531  981 3.29 
  69  213  439  981 1.43 
  69  213  485  896 1.57 
  69  213  485  981 1.57 
  69  213  531  896 1.43 
  69  213  531  981 1.57 
  69  299  485  981 1.14 
  69  299  531  981 1.14 
 115   43  439  981 -2.00 
 115   43  485  811 3.71 
 115   43  485  896 -2.00 
 115   43  485  981 -2.00 
 115   43  531  725 1.86 
 115   43  531  811 3.14 
 115   43  531  896 3.57 
 115   43  531  981 -2.00 
 115  128  485  896 3.71 
 115  128  485  981 -2.00 
 115  128  531  811 3.43 
 115  128  531  896 3.29 
 115  128  531  981 3.29 
 115  213  485  981 1.43 
 115  213  531  896 1.71 
 115  213  531  981 1.57 
 115  299  531  981 1.14 
 162   43  485  981 -2.00 
 162   43  531  811 2.29 
 162   43  531  896 -2.00 
 162   43  531  981 -2.00 
 162  128  531  896 2.29 
 162  128  531  981 -2.00 
 162  213  531  981 1.43 
