  27   43  453  811 2.57 
  27   43  453  896 2.71 
  27   43  453  981 2.29 
  27   43  507  725 2.57 
  27   43  507  811 3.43 
  27   43  507  896 3.00 
  27   43  507  981 2.57 
  27   43  560  725 3.14 
  27   43  560  811 3.29 
  27   43  560  896 3.71 
  27   43  560  981 3.71 
  27   43  613  725 3.29 
  27   43  613  811 3.71 
  27   43  613  896 4.14 
  27   43  613  981 3.86 
  27  128  453  896 2.43 
  27  128  453  981 2.71 
  27  128  507  811 2.57 
  27  128  507  896 3.00 
  27  128  507  981 3.00 
  27  128  560  811 3.29 
  27  128  560  896 3.57 
  27  128  560  981 3.43 
  27  128  613  725 3.57 
  27  128  613  811 4.00 
  27  128  613  896 4.29 
  27  128  613  981 4.00 
  27  213  453  981 2.86 
  27  213  507  896 3.00 
  27  213  507  981 3.00 
  27  213  560  896 3.57 
  27  213  560  981 3.71 
  27  213  613  811 3.86 
  27  213  613  896 3.43 
  27  213  613  981 3.71 
  27  299  507  981 2.43 
  27  299  560  981 3.29 
  27  299  613  896 3.71 
  27  299  613  981 4.00 
  80   43  453  981 -2.00 
  80   43  507  811 3.14 
  80   43  507  896 3.14 
  80   43  507  981 2.71 
  80   43  560  725 3.00 
  80   43  560  811 3.86 
  80   43  560  896 3.57 
  80   43  560  981 3.86 
  80   43  613  725 3.43 
  80   43  613  811 4.29 
  80   43  613  896 4.14 
  80   43  613  981 4.43 
  80  128  507  896 3.29 
  80  128  507  981 2.86 
  80  128  560  811 3.00 
  80  128  560  896 3.71 
  80  128  560  981 3.57 
  80  128  613  811 3.57 
  80  128  613  896 4.29 
  80  128  613  981 3.86 
  80  213  507  981 2.86 
  80  213  560  896 3.14 
  80  213  560  981 3.43 
  80  213  613  896 4.00 
  80  213  613  981 4.14 
  80  299  560  981 3.71 
  80  299  613  981 4.14 
 133   43  507  981 -2.00 
 133   43  560  811 4.00 
 133   43  560  896 3.29 
 133   43  560  981 3.43 
 133   43  613  725 3.57 
 133   43  613  811 3.86 
 133   43  613  896 3.71 
 133   43  613  981 3.43 
 133  128  560  896 3.86 
 133  128  560  981 3.14 
 133  128  613  811 3.57 
 133  128  613  896 3.71 
 133  128  613  981 3.29 
 133  213  560  981 3.86 
 133  213  613  896 3.14 
 133  213  613  981 3.43 
 133  299  613  981 3.86 
 187   43  560  981 -2.00 
 187   43  613  811 3.57 
 187   43  613  896 2.86 
 187   43  613  981 2.86 
 187  128  613  896 3.00 
 187  128  613  981 2.71 
 187  213  613  981 3.00 
