  43   37  725  704 2.14 
  43   37  725  778 4.00 
  43   37  725  852 3.71 
  43   37  811  630 1.71 
  43   37  811  704 2.43 
  43   37  811  778 3.71 
  43   37  811  852 4.14 
  43   37  896  630 1.71 
  43   37  896  704 2.43 
  43   37  896  778 3.57 
  43   37  896  852 4.14 
  43   37  981  630 1.43 
  43   37  981  704 2.29 
  43   37  981  778 3.71 
  43   37  981  852 4.14 
  43  111  725  778 4.00 
  43  111  725  852 3.71 
  43  111  811  704 2.29 
  43  111  811  778 4.00 
  43  111  811  852 3.86 
  43  111  896  704 2.43 
  43  111  896  778 3.71 
  43  111  896  852 4.00 
  43  111  981  630 1.29 
  43  111  981  704 2.57 
  43  111  981  778 3.86 
  43  111  981  852 4.29 
  43  185  725  852 3.43 
  43  185  811  778 3.86 
  43  185  811  852 3.71 
  43  185  896  778 3.57 
  43  185  896  852 3.57 
  43  185  981  704 2.29 
  43  185  981  778 3.43 
  43  185  981  852 3.57 
  43  259  811  852 3.14 
  43  259  896  852 3.43 
  43  259  981  778 3.57 
  43  259  981  852 3.43 
 128   37  725  852 1.86 
 128   37  811  704 1.43 
 128   37  811  778 1.71 
 128   37  811  852 1.57 
 128   37  896  630 1.29 
 128   37  896  704 1.57 
 128   37  896  778 1.57 
 128   37  896  852 1.71 
 128   37  981  630 1.29 
 128   37  981  704 1.86 
 128   37  981  778 1.57 
 128   37  981  852 1.86 
 128  111  811  778 1.57 
 128  111  811  852 1.57 
 128  111  896  704 1.57 
 128  111  896  778 1.57 
 128  111  896  852 1.86 
 128  111  981  704 1.43 
 128  111  981  778 1.86 
 128  111  981  852 1.43 
 128  185  811  852 1.57 
 128  185  896  778 1.57 
 128  185  896  852 1.71 
 128  185  981  778 1.71 
 128  185  981  852 1.86 
 128  259  896  852 1.43 
 128  259  981  852 1.86 
 213   37  811  852 1.29 
 213   37  896  704 1.14 
 213   37  896  778 1.29 
 213   37  896  852 1.29 
 213   37  981  630 1.14 
 213   37  981  704 1.14 
 213   37  981  778 1.14 
 213   37  981  852 1.57 
 213  111  896  778 1.14 
 213  111  896  852 1.57 
 213  111  981  704 1.14 
 213  111  981  778 1.14 
 213  111  981  852 1.57 
 213  185  896  852 1.14 
 213  185  981  778 1.14 
 213  185  981  852 1.14 
 213  259  981  852 1.14 
 299   37  896  852 1.00 
 299   37  981  704 1.14 
 299   37  981  778 1.14 
 299   37  981  852 1.00 
 299  111  981  778 1.14 
 299  111  981  852 1.14 
 299  185  981  852 1.14 
