  25   43  421  811 2.00 
  25   43  421  896 2.43 
  25   43  421  981 -2.00 
  25   43  470  725 1.57 
  25   43  470  811 2.14 
  25   43  470  896 2.43 
  25   43  470  981 2.71 
  25   43  520  725 1.57 
  25   43  520  811 2.43 
  25   43  520  896 2.71 
  25   43  520  981 2.00 
  25   43  569  725 1.57 
  25   43  569  811 2.14 
  25   43  569  896 3.00 
  25   43  569  981 3.00 
  25  128  421  896 2.29 
  25  128  421  981 2.57 
  25  128  470  811 2.14 
  25  128  470  896 2.57 
  25  128  470  981 2.57 
  25  128  520  811 2.00 
  25  128  520  896 2.57 
  25  128  520  981 2.71 
  25  128  569  725 1.57 
  25  128  569  811 2.14 
  25  128  569  896 2.86 
  25  128  569  981 3.00 
  25  213  421  981 2.57 
  25  213  470  896 2.57 
  25  213  470  981 2.71 
  25  213  520  896 2.57 
  25  213  520  981 2.71 
  25  213  569  811 2.00 
  25  213  569  896 2.57 
  25  213  569  981 2.71 
  25  299  470  981 1.71 
  25  299  520  981 1.71 
  25  299  569  896 2.00 
  25  299  569  981 1.86 
  74   43  421  981 -2.00 
  74   43  470  811 2.14 
  74   43  470  896 1.71 
  74   43  470  981 -2.00 
  74   43  520  725 1.71 
  74   43  520  811 2.29 
  74   43  520  896 2.71 
  74   43  520  981 2.00 
  74   43  569  725 1.57 
  74   43  569  811 2.43 
  74   43  569  896 2.86 
  74   43  569  981 3.57 
  74  128  470  896 2.57 
  74  128  470  981 2.00 
  74  128  520  811 2.14 
  74  128  520  896 2.14 
  74  128  520  981 2.00 
  74  128  569  811 2.29 
  74  128  569  896 2.86 
  74  128  569  981 3.00 
  74  213  470  981 2.71 
  74  213  520  896 2.57 
  74  213  520  981 2.57 
  74  213  569  896 2.57 
  74  213  569  981 2.71 
  74  299  520  981 1.86 
  74  299  569  981 2.29 
 124   43  470  981 -2.00 
 124   43  520  811 2.29 
 124   43  520  896 2.71 
 124   43  520  981 -2.00 
 124   43  569  725 1.57 
 124   43  569  811 2.43 
 124   43  569  896 2.86 
 124   43  569  981 3.57 
 124  128  520  896 2.57 
 124  128  520  981 2.71 
 124  128  569  811 2.43 
 124  128  569  896 2.86 
 124  128  569  981 2.86 
 124  213  520  981 2.57 
 124  213  569  896 2.57 
 124  213  569  981 2.57 
 124  299  569  981 2.00 
 173   43  520  981 -2.00 
 173   43  569  811 2.43 
 173   43  569  896 3.57 
 173   43  569  981 -2.00 
 173  128  569  896 2.71 
 173  128  569  981 3.00 
 173  213  569  981 2.57 
