  27   43  457  811 1.29 
  27   43  457  896 1.43 
  27   43  457  981 1.43 
  27   43  511  725 1.29 
  27   43  511  811 2.14 
  27   43  511  896 2.00 
  27   43  511  981 2.00 
  27   43  564  725 1.29 
  27   43  564  811 2.29 
  27   43  564  896 2.86 
  27   43  564  981 2.86 
  27   43  618  725 1.29 
  27   43  618  811 2.86 
  27   43  618  896 3.14 
  27   43  618  981 3.86 
  27  128  457  896 1.43 
  27  128  457  981 1.43 
  27  128  511  811 2.14 
  27  128  511  896 2.14 
  27  128  511  981 2.14 
  27  128  564  811 2.57 
  27  128  564  896 2.86 
  27  128  564  981 3.00 
  27  128  618  725 1.29 
  27  128  618  811 2.86 
  27  128  618  896 3.14 
  27  128  618  981 4.14 
  27  213  457  981 1.29 
  27  213  511  896 2.14 
  27  213  511  981 2.14 
  27  213  564  896 3.00 
  27  213  564  981 3.00 
  27  213  618  811 3.00 
  27  213  618  896 3.86 
  27  213  618  981 4.14 
  27  299  511  981 2.14 
  27  299  564  981 3.00 
  27  299  618  896 3.57 
  27  299  618  981 3.29 
  81   43  457  981 -2.00 
  81   43  511  811 2.14 
  81   43  511  896 2.14 
  81   43  511  981 2.29 
  81   43  564  725 1.43 
  81   43  564  811 2.57 
  81   43  564  896 2.86 
  81   43  564  981 3.00 
  81   43  618  725 1.29 
  81   43  618  811 2.71 
  81   43  618  896 3.00 
  81   43  618  981 3.86 
  81  128  511  896 2.29 
  81  128  511  981 2.14 
  81  128  564  811 2.43 
  81  128  564  896 2.86 
  81  128  564  981 3.00 
  81  128  618  811 2.86 
  81  128  618  896 3.14 
  81  128  618  981 4.00 
  81  213  511  981 2.43 
  81  213  564  896 3.00 
  81  213  564  981 3.00 
  81  213  618  896 3.71 
  81  213  618  981 4.43 
  81  299  564  981 2.86 
  81  299  618  981 3.29 
 134   43  511  981 -2.00 
 134   43  564  811 2.71 
 134   43  564  896 2.86 
 134   43  564  981 3.00 
 134   43  618  725 1.43 
 134   43  618  811 2.71 
 134   43  618  896 3.00 
 134   43  618  981 4.29 
 134  128  564  896 3.00 
 134  128  564  981 3.00 
 134  128  618  811 2.86 
 134  128  618  896 3.14 
 134  128  618  981 4.14 
 134  213  564  981 3.00 
 134  213  618  896 3.86 
 134  213  618  981 4.57 
 134  299  618  981 3.29 
 188   43  564  981 -2.00 
 188   43  618  811 2.86 
 188   43  618  896 3.14 
 188   43  618  981 4.14 
 188  128  618  896 3.29 
 188  128  618  981 4.43 
 188  213  618  981 4.57 
