  43   33  725  626 2.71 
  43   33  725  692 3.14 
  43   33  725  758 3.00 
  43   33  811  560 2.71 
  43   33  811  626 2.71 
  43   33  811  692 3.86 
  43   33  811  758 2.57 
  43   33  896  560 3.29 
  43   33  896  626 3.86 
  43   33  896  692 4.00 
  43   33  896  758 3.86 
  43   33  981  560 3.29 
  43   33  981  626 3.86 
  43   33  981  692 4.14 
  43   33  981  758 4.00 
  43   99  725  692 3.29 
  43   99  725  758 3.00 
  43   99  811  626 2.86 
  43   99  811  692 3.43 
  43   99  811  758 3.00 
  43   99  896  626 4.29 
  43   99  896  692 4.29 
  43   99  896  758 3.71 
  43   99  981  560 -2.00 
  43   99  981  626 4.00 
  43   99  981  692 3.86 
  43   99  981  758 3.86 
  43  165  725  758 2.29 
  43  165  811  692 2.71 
  43  165  811  758 3.00 
  43  165  896  692 4.00 
  43  165  896  758 3.57 
  43  165  981  626 -2.00 
  43  165  981  692 3.86 
  43  165  981  758 3.43 
  43  231  811  758 2.43 
  43  231  896  758 2.57 
  43  231  981  692 -2.00 
  43  231  981  758 2.86 
 128   33  725  758 3.29 
 128   33  811  626 3.29 
 128   33  811  692 3.71 
 128   33  811  758 3.29 
 128   33  896  560 3.14 
 128   33  896  626 3.86 
 128   33  896  692 3.71 
 128   33  896  758 4.00 
 128   33  981  560 3.43 
 128   33  981  626 3.57 
 128   33  981  692 3.57 
 128   33  981  758 3.57 
 128   99  811  692 3.29 
 128   99  811  758 3.43 
 128   99  896  626 4.14 
 128   99  896  692 3.86 
 128   99  896  758 3.71 
 128   99  981  626 3.57 
 128   99  981  692 3.57 
 128   99  981  758 3.71 
 128  165  811  758 3.14 
 128  165  896  692 3.86 
 128  165  896  758 3.43 
 128  165  981  692 4.14 
 128  165  981  758 4.00 
 128  231  896  758 2.86 
 128  231  981  758 2.57 
 213   33  811  758 3.57 
 213   33  896  626 3.86 
 213   33  896  692 3.71 
 213   33  896  758 4.00 
 213   33  981  560 3.14 
 213   33  981  626 3.14 
 213   33  981  692 3.29 
 213   33  981  758 3.29 
 213   99  896  692 3.71 
 213   99  896  758 3.71 
 213   99  981  626 3.43 
 213   99  981  692 3.29 
 213   99  981  758 3.14 
 213  165  896  758 3.43 
 213  165  981  692 2.86 
 213  165  981  758 3.43 
 213  231  981  758 2.57 
 299   33  896  758 1.14 
 299   33  981  626 1.14 
 299   33  981  692 1.14 
 299   33  981  758 1.14 
 299   99  981  692 1.43 
 299   99  981  758 1.14 
 299  165  981  758 1.14 
