  24   43  407  811 2.57 
  24   43  407  896 -2.00 
  24   43  407  981 -2.00 
  24   43  454  725 2.14 
  24   43  454  811 2.71 
  24   43  454  896 3.29 
  24   43  454  981 3.71 
  24   43  502  725 2.14 
  24   43  502  811 3.00 
  24   43  502  896 3.57 
  24   43  502  981 3.86 
  24   43  550  725 2.00 
  24   43  550  811 2.86 
  24   43  550  896 3.29 
  24   43  550  981 3.57 
  24  128  407  896 3.14 
  24  128  407  981 -2.00 
  24  128  454  811 3.00 
  24  128  454  896 3.86 
  24  128  454  981 3.86 
  24  128  502  811 3.00 
  24  128  502  896 3.57 
  24  128  502  981 4.00 
  24  128  550  725 2.29 
  24  128  550  811 3.00 
  24  128  550  896 3.57 
  24  128  550  981 3.86 
  24  213  407  981 3.00 
  24  213  454  896 3.57 
  24  213  454  981 3.14 
  24  213  502  896 3.86 
  24  213  502  981 3.43 
  24  213  550  811 3.43 
  24  213  550  896 3.71 
  24  213  550  981 3.29 
  24  299  454  981 3.00 
  24  299  502  981 3.00 
  24  299  550  896 3.57 
  24  299  550  981 3.00 
  72   43  407  981 -2.00 
  72   43  454  811 2.86 
  72   43  454  896 -2.00 
  72   43  454  981 -2.00 
  72   43  502  725 2.00 
  72   43  502  811 3.00 
  72   43  502  896 3.00 
  72   43  502  981 3.29 
  72   43  550  725 2.00 
  72   43  550  811 2.86 
  72   43  550  896 3.14 
  72   43  550  981 3.43 
  72  128  454  896 3.29 
  72  128  454  981 -2.00 
  72  128  502  811 3.00 
  72  128  502  896 3.57 
  72  128  502  981 3.43 
  72  128  550  811 2.86 
  72  128  550  896 3.14 
  72  128  550  981 3.29 
  72  213  454  981 3.43 
  72  213  502  896 3.43 
  72  213  502  981 3.29 
  72  213  550  896 3.43 
  72  213  550  981 3.29 
  72  299  502  981 3.00 
  72  299  550  981 3.00 
 120   43  454  981 -2.00 
 120   43  502  811 2.29 
 120   43  502  896 -2.00 
 120   43  502  981 -2.00 
 120   43  550  725 2.00 
 120   43  550  811 2.57 
 120   43  550  896 2.57 
 120   43  550  981 2.29 
 120  128  502  896 2.57 
 120  128  502  981 -2.00 
 120  128  550  811 2.57 
 120  128  550  896 2.57 
 120  128  550  981 2.57 
 120  213  502  981 2.57 
 120  213  550  896 2.57 
 120  213  550  981 2.71 
 120  299  550  981 2.71 
 167   43  502  981 -2.00 
 167   43  550  811 2.14 
 167   43  550  896 -2.00 
 167   43  550  981 -2.00 
 167  128  550  896 2.14 
 167  128  550  981 -2.00 
 167  213  550  981 2.14 
