  43   37  725  697 2.71 
  43   37  725  771 2.71 
  43   37  725  844 2.86 
  43   37  811  624 3.00 
  43   37  811  697 3.00 
  43   37  811  771 3.00 
  43   37  811  844 3.29 
  43   37  896  624 3.29 
  43   37  896  697 3.00 
  43   37  896  771 3.14 
  43   37  896  844 3.29 
  43   37  981  624 3.00 
  43   37  981  697 3.00 
  43   37  981  771 3.14 
  43   37  981  844 3.29 
  43  110  725  771 2.86 
  43  110  725  844 3.14 
  43  110  811  697 3.00 
  43  110  811  771 3.43 
  43  110  811  844 3.86 
  43  110  896  697 3.14 
  43  110  896  771 3.29 
  43  110  896  844 3.86 
  43  110  981  624 3.00 
  43  110  981  697 3.14 
  43  110  981  771 3.14 
  43  110  981  844 3.71 
  43  184  725  844 3.14 
  43  184  811  771 3.86 
  43  184  811  844 4.29 
  43  184  896  771 4.00 
  43  184  896  844 4.14 
  43  184  981  697 3.57 
  43  184  981  771 4.14 
  43  184  981  844 4.29 
  43  257  811  844 3.00 
  43  257  896  844 2.71 
  43  257  981  771 3.57 
  43  257  981  844 2.71 
 128   37  725  844 3.00 
 128   37  811  697 3.00 
 128   37  811  771 3.29 
 128   37  811  844 3.14 
 128   37  896  624 3.00 
 128   37  896  697 3.00 
 128   37  896  771 3.29 
 128   37  896  844 3.14 
 128   37  981  624 3.14 
 128   37  981  697 3.14 
 128   37  981  771 3.14 
 128   37  981  844 3.14 
 128  110  811  771 3.14 
 128  110  811  844 4.00 
 128  110  896  697 3.14 
 128  110  896  771 3.14 
 128  110  896  844 3.71 
 128  110  981  697 3.00 
 128  110  981  771 3.14 
 128  110  981  844 3.29 
 128  184  811  844 4.29 
 128  184  896  771 4.00 
 128  184  896  844 4.29 
 128  184  981  771 3.86 
 128  184  981  844 3.86 
 128  257  896  844 3.00 
 128  257  981  844 2.86 
 213   37  811  844 3.00 
 213   37  896  697 3.00 
 213   37  896  771 3.00 
 213   37  896  844 3.00 
 213   37  981  624 3.14 
 213   37  981  697 3.00 
 213   37  981  771 3.00 
 213   37  981  844 3.00 
 213  110  896  771 3.00 
 213  110  896  844 3.43 
 213  110  981  697 3.00 
 213  110  981  771 3.00 
 213  110  981  844 3.14 
 213  184  896  844 3.71 
 213  184  981  771 3.29 
 213  184  981  844 3.43 
 213  257  981  844 2.86 
 299   37  896  844 1.71 
 299   37  981  697 1.71 
 299   37  981  771 1.71 
 299   37  981  844 1.71 
 299  110  981  771 1.71 
 299  110  981  844 1.71 
 299  184  981  844 1.71 
