  28   43  469  811 3.86 
  28   43  469  896 4.43 
  28   43  469  981 4.57 
  28   43  524  725 3.43 
  28   43  524  811 3.86 
  28   43  524  896 4.29 
  28   43  524  981 4.86 
  28   43  579  725 2.71 
  28   43  579  811 3.71 
  28   43  579  896 4.14 
  28   43  579  981 4.00 
  28   43  634  725 3.00 
  28   43  634  811 3.86 
  28   43  634  896 3.71 
  28   43  634  981 3.86 
  28  128  469  896 3.86 
  28  128  469  981 3.71 
  28  128  524  811 4.14 
  28  128  524  896 4.29 
  28  128  524  981 3.86 
  28  128  579  811 3.71 
  28  128  579  896 4.29 
  28  128  579  981 3.43 
  28  128  634  725 3.14 
  28  128  634  811 4.14 
  28  128  634  896 3.71 
  28  128  634  981 3.43 
  28  213  469  981 3.00 
  28  213  524  896 3.71 
  28  213  524  981 3.14 
  28  213  579  896 3.57 
  28  213  579  981 2.86 
  28  213  634  811 3.86 
  28  213  634  896 3.57 
  28  213  634  981 3.00 
  28  299  524  981 2.71 
  28  299  579  981 2.57 
  28  299  634  896 3.00 
  28  299  634  981 2.71 
  83   43  469  981 -2.00 
  83   43  524  811 3.71 
  83   43  524  896 4.14 
  83   43  524  981 4.29 
  83   43  579  725 3.00 
  83   43  579  811 3.43 
  83   43  579  896 3.71 
  83   43  579  981 3.86 
  83   43  634  725 3.00 
  83   43  634  811 3.57 
  83   43  634  896 3.43 
  83   43  634  981 3.86 
  83  128  524  896 3.57 
  83  128  524  981 3.71 
  83  128  579  811 3.71 
  83  128  579  896 3.57 
  83  128  579  981 3.43 
  83  128  634  811 3.71 
  83  128  634  896 3.57 
  83  128  634  981 3.29 
  83  213  524  981 3.14 
  83  213  579  896 3.29 
  83  213  579  981 3.00 
  83  213  634  896 3.29 
  83  213  634  981 2.86 
  83  299  579  981 2.57 
  83  299  634  981 2.57 
 138   43  524  981 -2.00 
 138   43  579  811 3.43 
 138   43  579  896 3.29 
 138   43  579  981 3.00 
 138   43  634  725 2.71 
 138   43  634  811 2.71 
 138   43  634  896 2.71 
 138   43  634  981 3.14 
 138  128  579  896 3.43 
 138  128  579  981 3.00 
 138  128  634  811 3.14 
 138  128  634  896 3.00 
 138  128  634  981 2.86 
 138  213  579  981 2.71 
 138  213  634  896 2.86 
 138  213  634  981 2.71 
 138  299  634  981 2.29 
 193   43  579  981 -2.00 
 193   43  634  811 2.14 
 193   43  634  896 2.14 
 193   43  634  981 2.00 
 193  128  634  896 2.14 
 193  128  634  981 2.00 
 193  213  634  981 2.14 
