  28   43  478  811 3.71 
  28   43  478  896 3.00 
  28   43  478  981 3.29 
  28   43  534  725 4.14 
  28   43  534  811 4.00 
  28   43  534  896 3.00 
  28   43  534  981 3.43 
  28   43  591  725 4.14 
  28   43  591  811 4.00 
  28   43  591  896 3.14 
  28   43  591  981 3.43 
  28   43  647  725 3.71 
  28   43  647  811 3.86 
  28   43  647  896 3.00 
  28   43  647  981 3.43 
  28  128  478  896 3.29 
  28  128  478  981 3.00 
  28  128  534  811 3.14 
  28  128  534  896 3.43 
  28  128  534  981 3.14 
  28  128  591  811 3.14 
  28  128  591  896 3.29 
  28  128  591  981 3.14 
  28  128  647  725 3.71 
  28  128  647  811 3.00 
  28  128  647  896 3.43 
  28  128  647  981 3.00 
  28  213  478  981 3.57 
  28  213  534  896 3.00 
  28  213  534  981 3.57 
  28  213  591  896 3.00 
  28  213  591  981 3.57 
  28  213  647  811 3.29 
  28  213  647  896 3.00 
  28  213  647  981 3.29 
  28  299  534  981 4.14 
  28  299  591  981 4.43 
  28  299  647  896 3.71 
  28  299  647  981 3.86 
  84   43  478  981 -2.00 
  84   43  534  811 3.71 
  84   43  534  896 3.00 
  84   43  534  981 3.14 
  84   43  591  725 3.29 
  84   43  591  811 3.29 
  84   43  591  896 3.00 
  84   43  591  981 3.00 
  84   43  647  725 3.00 
  84   43  647  811 3.00 
  84   43  647  896 3.00 
  84   43  647  981 3.29 
  84  128  534  896 3.00 
  84  128  534  981 3.00 
  84  128  591  811 3.00 
  84  128  591  896 3.14 
  84  128  591  981 3.00 
  84  128  647  811 3.00 
  84  128  647  896 3.00 
  84  128  647  981 3.00 
  84  213  534  981 3.57 
  84  213  591  896 3.00 
  84  213  591  981 3.14 
  84  213  647  896 3.00 
  84  213  647  981 3.00 
  84  299  591  981 3.29 
  84  299  647  981 3.00 
 141   43  534  981 -2.00 
 141   43  591  811 2.57 
 141   43  591  896 2.71 
 141   43  591  981 2.57 
 141   43  647  725 2.57 
 141   43  647  811 2.71 
 141   43  647  896 2.57 
 141   43  647  981 2.71 
 141  128  591  896 2.57 
 141  128  591  981 2.71 
 141  128  647  811 2.57 
 141  128  647  896 2.71 
 141  128  647  981 2.57 
 141  213  591  981 2.57 
 141  213  647  896 2.57 
 141  213  647  981 2.57 
 141  299  647  981 2.57 
 197   43  591  981 -2.00 
 197   43  647  811 1.14 
 197   43  647  896 1.29 
 197   43  647  981 1.57 
 197  128  647  896 1.29 
 197  128  647  981 1.29 
 197  213  647  981 1.14 
