  34   43  574  811 1.14 
  34   43  574  896 1.14 
  34   43  574  981 1.00 
  34   43  642  725 1.57 
  34   43  642  811 2.00 
  34   43  642  896 2.00 
  34   43  642  981 2.29 
  34   43  710  725 2.00 
  34   43  710  811 2.71 
  34   43  710  896 3.00 
  34   43  710  981 3.00 
  34   43  777  725 2.29 
  34   43  777  811 2.71 
  34   43  777  896 3.86 
  34   43  777  981 3.43 
  34  128  574  896 1.00 
  34  128  574  981 1.00 
  34  128  642  811 2.00 
  34  128  642  896 2.00 
  34  128  642  981 1.86 
  34  128  710  811 2.86 
  34  128  710  896 3.14 
  34  128  710  981 2.86 
  34  128  777  725 2.29 
  34  128  777  811 2.86 
  34  128  777  896 3.71 
  34  128  777  981 3.00 
  34  213  574  981 1.00 
  34  213  642  896 1.86 
  34  213  642  981 1.86 
  34  213  710  896 2.14 
  34  213  710  981 2.14 
  34  213  777  811 2.57 
  34  213  777  896 2.29 
  34  213  777  981 2.14 
  34  299  642  981 1.29 
  34  299  710  981 2.00 
  34  299  777  896 2.14 
  34  299  777  981 1.43 
 101   43  574  981 1.14 
 101   43  642  811 2.00 
 101   43  642  896 2.14 
 101   43  642  981 2.29 
 101   43  710  725 2.29 
 101   43  710  811 2.57 
 101   43  710  896 3.14 
 101   43  710  981 3.00 
 101   43  777  725 2.14 
 101   43  777  811 2.71 
 101   43  777  896 3.57 
 101   43  777  981 3.71 
 101  128  642  896 2.00 
 101  128  642  981 2.14 
 101  128  710  811 2.57 
 101  128  710  896 3.14 
 101  128  710  981 3.14 
 101  128  777  811 3.00 
 101  128  777  896 3.86 
 101  128  777  981 3.00 
 101  213  642  981 1.86 
 101  213  710  896 2.14 
 101  213  710  981 2.57 
 101  213  777  896 2.29 
 101  213  777  981 2.29 
 101  299  710  981 1.86 
 101  299  777  981 2.00 
 169   43  642  981 2.29 
 169   43  710  811 2.43 
 169   43  710  896 3.43 
 169   43  710  981 3.14 
 169   43  777  725 2.43 
 169   43  777  811 2.71 
 169   43  777  896 3.86 
 169   43  777  981 4.00 
 169  128  710  896 3.29 
 169  128  710  981 3.00 
 169  128  777  811 3.14 
 169  128  777  896 3.86 
 169  128  777  981 3.00 
 169  213  710  981 2.43 
 169  213  777  896 2.57 
 169  213  777  981 2.14 
 169  299  777  981 2.14 
 237   43  710  981 3.71 
 237   43  777  811 2.57 
 237   43  777  896 3.86 
 237   43  777  981 3.86 
 237  128  777  896 3.57 
 237  128  777  981 3.14 
 237  213  777  981 1.71 
