  22   43  380  811 2.86 
  22   43  380  896 -2.00 
  22   43  380  981 -2.00 
  22   43  424  725 2.71 
  22   43  424  811 2.86 
  22   43  424  896 3.14 
  22   43  424  981 -2.00 
  22   43  469  725 2.71 
  22   43  469  811 3.14 
  22   43  469  896 3.29 
  22   43  469  981 3.57 
  22   43  514  725 2.57 
  22   43  514  811 3.14 
  22   43  514  896 3.14 
  22   43  514  981 3.43 
  22  128  380  896 3.29 
  22  128  380  981 -2.00 
  22  128  424  811 3.14 
  22  128  424  896 3.29 
  22  128  424  981 3.29 
  22  128  469  811 3.14 
  22  128  469  896 3.29 
  22  128  469  981 3.43 
  22  128  514  725 2.71 
  22  128  514  811 3.29 
  22  128  514  896 3.14 
  22  128  514  981 3.29 
  22  213  380  981 2.71 
  22  213  424  896 3.14 
  22  213  424  981 2.86 
  22  213  469  896 3.14 
  22  213  469  981 3.00 
  22  213  514  811 3.14 
  22  213  514  896 3.29 
  22  213  514  981 3.00 
  22  299  424  981 2.43 
  22  299  469  981 2.57 
  22  299  514  896 2.57 
  22  299  514  981 2.43 
  67   43  380  981 -2.00 
  67   43  424  811 2.86 
  67   43  424  896 -2.00 
  67   43  424  981 -2.00 
  67   43  469  725 2.71 
  67   43  469  811 3.14 
  67   43  469  896 3.43 
  67   43  469  981 -2.00 
  67   43  514  725 2.71 
  67   43  514  811 3.29 
  67   43  514  896 3.29 
  67   43  514  981 3.29 
  67  128  424  896 3.43 
  67  128  424  981 -2.00 
  67  128  469  811 3.14 
  67  128  469  896 3.14 
  67  128  469  981 3.43 
  67  128  514  811 3.29 
  67  128  514  896 3.14 
  67  128  514  981 3.14 
  67  213  424  981 2.86 
  67  213  469  896 3.00 
  67  213  469  981 3.00 
  67  213  514  896 3.14 
  67  213  514  981 3.00 
  67  299  469  981 2.57 
  67  299  514  981 2.71 
 112   43  424  981 -2.00 
 112   43  469  811 3.14 
 112   43  469  896 -2.00 
 112   43  469  981 -2.00 
 112   43  514  725 3.00 
 112   43  514  811 3.29 
 112   43  514  896 3.43 
 112   43  514  981 -2.00 
 112  128  469  896 3.29 
 112  128  469  981 -2.00 
 112  128  514  811 3.29 
 112  128  514  896 3.43 
 112  128  514  981 3.00 
 112  213  469  981 3.00 
 112  213  514  896 3.14 
 112  213  514  981 3.14 
 112  299  514  981 2.57 
 156   43  469  981 -2.00 
 156   43  514  811 3.14 
 156   43  514  896 -2.00 
 156   43  514  981 -2.00 
 156  128  514  896 3.00 
 156  128  514  981 -2.00 
 156  213  514  981 2.86 
