  30   43  510  811 2.57 
  30   43  510  896 3.00 
  30   43  510  981 3.14 
  30   43  570  725 2.29 
  30   43  570  811 2.71 
  30   43  570  896 3.14 
  30   43  570  981 3.43 
  30   43  630  725 2.57 
  30   43  630  811 2.71 
  30   43  630  896 3.71 
  30   43  630  981 3.43 
  30   43  690  725 2.43 
  30   43  690  811 2.57 
  30   43  690  896 4.86 
  30   43  690  981 4.29 
  30  128  510  896 3.14 
  30  128  510  981 3.00 
  30  128  570  811 2.57 
  30  128  570  896 2.71 
  30  128  570  981 3.00 
  30  128  630  811 2.43 
  30  128  630  896 3.43 
  30  128  630  981 3.29 
  30  128  690  725 2.57 
  30  128  690  811 2.57 
  30  128  690  896 4.71 
  30  128  690  981 4.43 
  30  213  510  981 2.43 
  30  213  570  896 2.43 
  30  213  570  981 2.71 
  30  213  630  896 2.29 
  30  213  630  981 2.43 
  30  213  690  811 2.86 
  30  213  690  896 2.57 
  30  213  690  981 2.43 
  30  299  570  981 1.43 
  30  299  630  981 1.57 
  30  299  690  896 1.71 
  30  299  690  981 1.71 
  90   43  510  981 -2.00 
  90   43  570  811 2.57 
  90   43  570  896 3.71 
  90   43  570  981 3.43 
  90   43  630  725 2.29 
  90   43  630  811 2.71 
  90   43  630  896 3.43 
  90   43  630  981 3.71 
  90   43  690  725 2.29 
  90   43  690  811 2.43 
  90   43  690  896 4.00 
  90   43  690  981 4.29 
  90  128  570  896 3.43 
  90  128  570  981 3.00 
  90  128  630  811 2.29 
  90  128  630  896 3.86 
  90  128  630  981 4.00 
  90  128  690  811 2.71 
  90  128  690  896 4.57 
  90  128  690  981 4.00 
  90  213  570  981 2.29 
  90  213  630  896 2.57 
  90  213  630  981 2.71 
  90  213  690  896 2.43 
  90  213  690  981 2.43 
  90  299  630  981 1.57 
  90  299  690  981 1.57 
 150   43  570  981 -2.00 
 150   43  630  811 2.57 
 150   43  630  896 3.71 
 150   43  630  981 3.29 
 150   43  690  725 2.29 
 150   43  690  811 2.57 
 150   43  690  896 3.43 
 150   43  690  981 3.57 
 150  128  630  896 3.29 
 150  128  630  981 3.14 
 150  128  690  811 2.71 
 150  128  690  896 3.43 
 150  128  690  981 3.57 
 150  213  630  981 2.57 
 150  213  690  896 2.43 
 150  213  690  981 2.57 
 150  299  690  981 1.57 
 210   43  630  981 -2.00 
 210   43  690  811 1.86 
 210   43  690  896 1.71 
 210   43  690  981 1.71 
 210  128  690  896 1.86 
 210  128  690  981 1.71 
 210  213  690  981 2.29 
