  39   43  665  811 3.29 
  39   43  665  896 3.57 
  39   43  665  981 3.57 
  39   43  743  725 3.57 
  39   43  743  811 3.71 
  39   43  743  896 3.57 
  39   43  743  981 3.71 
  39   43  822  725 3.57 
  39   43  822  811 3.86 
  39   43  822  896 4.00 
  39   43  822  981 3.29 
  39   43  900  725 3.86 
  39   43  900  811 4.29 
  39   43  900  896 3.71 
  39   43  900  981 3.86 
  39  128  665  896 3.29 
  39  128  665  981 2.86 
  39  128  743  811 3.57 
  39  128  743  896 3.43 
  39  128  743  981 3.14 
  39  128  822  811 3.57 
  39  128  822  896 3.29 
  39  128  822  981 3.29 
  39  128  900  725 4.14 
  39  128  900  811 3.71 
  39  128  900  896 3.29 
  39  128  900  981 3.00 
  39  213  665  981 2.00 
  39  213  743  896 1.86 
  39  213  743  981 2.29 
  39  213  822  896 1.71 
  39  213  822  981 2.14 
  39  213  900  811 2.43 
  39  213  900  896 2.00 
  39  213  900  981 2.29 
  39  299  743  981 1.43 
  39  299  822  981 1.43 
  39  299  900  896 1.43 
  39  299  900  981 1.43 
 117   43  665  981 3.29 
 117   43  743  811 3.43 
 117   43  743  896 3.57 
 117   43  743  981 3.29 
 117   43  822  725 3.43 
 117   43  822  811 3.29 
 117   43  822  896 3.43 
 117   43  822  981 3.29 
 117   43  900  725 3.29 
 117   43  900  811 3.29 
 117   43  900  896 3.43 
 117   43  900  981 3.29 
 117  128  743  896 3.14 
 117  128  743  981 3.00 
 117  128  822  811 3.14 
 117  128  822  896 3.00 
 117  128  822  981 3.14 
 117  128  900  811 3.29 
 117  128  900  896 3.00 
 117  128  900  981 3.00 
 117  213  743  981 2.14 
 117  213  822  896 2.14 
 117  213  822  981 2.00 
 117  213  900  896 1.86 
 117  213  900  981 2.14 
 117  299  822  981 1.43 
 117  299  900  981 1.57 
 196   43  743  981 2.14 
 196   43  822  811 2.29 
 196   43  822  896 2.29 
 196   43  822  981 2.14 
 196   43  900  725 2.43 
 196   43  900  811 2.43 
 196   43  900  896 2.43 
 196   43  900  981 2.29 
 196  128  822  896 2.29 
 196  128  822  981 2.29 
 196  128  900  811 2.43 
 196  128  900  896 2.43 
 196  128  900  981 2.29 
 196  213  822  981 1.71 
 196  213  900  896 2.00 
 196  213  900  981 1.86 
 196  299  900  981 1.14 
 274   43  822  981 1.43 
 274   43  900  811 1.29 
 274   43  900  896 1.43 
 274   43  900  981 1.57 
 274  128  900  896 1.29 
 274  128  900  981 1.43 
 274  213  900  981 1.29 
