  32   43  550  811 2.71 
  32   43  550  896 3.29 
  32   43  550  981 3.57 
  32   43  615  725 2.00 
  32   43  615  811 2.86 
  32   43  615  896 3.71 
  32   43  615  981 4.00 
  32   43  680  725 2.43 
  32   43  680  811 2.71 
  32   43  680  896 3.43 
  32   43  680  981 3.71 
  32   43  745  725 2.00 
  32   43  745  811 2.71 
  32   43  745  896 3.00 
  32   43  745  981 3.14 
  32  128  550  896 4.00 
  32  128  550  981 3.57 
  32  128  615  811 2.86 
  32  128  615  896 3.43 
  32  128  615  981 3.71 
  32  128  680  811 2.86 
  32  128  680  896 3.71 
  32  128  680  981 3.57 
  32  128  745  725 2.14 
  32  128  745  811 3.00 
  32  128  745  896 3.86 
  32  128  745  981 3.57 
  32  213  550  981 4.43 
  32  213  615  896 3.57 
  32  213  615  981 4.29 
  32  213  680  896 3.57 
  32  213  680  981 4.14 
  32  213  745  811 3.14 
  32  213  745  896 3.29 
  32  213  745  981 3.71 
  32  299  615  981 3.14 
  32  299  680  981 3.00 
  32  299  745  896 4.00 
  32  299  745  981 3.00 
  97   43  550  981 3.43 
  97   43  615  811 2.57 
  97   43  615  896 3.29 
  97   43  615  981 3.29 
  97   43  680  725 2.14 
  97   43  680  811 2.86 
  97   43  680  896 2.71 
  97   43  680  981 3.00 
  97   43  745  725 2.29 
  97   43  745  811 2.71 
  97   43  745  896 3.00 
  97   43  745  981 3.00 
  97  128  615  896 3.00 
  97  128  615  981 3.14 
  97  128  680  811 2.71 
  97  128  680  896 2.71 
  97  128  680  981 2.86 
  97  128  745  811 2.86 
  97  128  745  896 2.86 
  97  128  745  981 3.00 
  97  213  615  981 3.43 
  97  213  680  896 3.00 
  97  213  680  981 3.43 
  97  213  745  896 2.86 
  97  213  745  981 3.86 
  97  299  680  981 2.86 
  97  299  745  981 2.71 
 162   43  615  981 2.43 
 162   43  680  811 2.43 
 162   43  680  896 2.57 
 162   43  680  981 2.43 
 162   43  745  725 1.86 
 162   43  745  811 2.43 
 162   43  745  896 2.57 
 162   43  745  981 2.43 
 162  128  680  896 2.43 
 162  128  680  981 2.43 
 162  128  745  811 2.43 
 162  128  745  896 2.57 
 162  128  745  981 2.43 
 162  213  680  981 2.43 
 162  213  745  896 2.43 
 162  213  745  981 2.43 
 162  299  745  981 2.43 
 227   43  680  981 1.71 
 227   43  745  811 1.71 
 227   43  745  896 1.71 
 227   43  745  981 1.71 
 227  128  745  896 1.71 
 227  128  745  981 1.57 
 227  213  745  981 1.71 
