  28   43  475  811 3.86 
  28   43  475  896 3.86 
  28   43  475  981 3.86 
  28   43  531  725 3.00 
  28   43  531  811 3.43 
  28   43  531  896 3.86 
  28   43  531  981 4.14 
  28   43  587  725 3.00 
  28   43  587  811 3.71 
  28   43  587  896 3.86 
  28   43  587  981 4.29 
  28   43  643  725 3.14 
  28   43  643  811 3.71 
  28   43  643  896 4.00 
  28   43  643  981 4.00 
  28  128  475  896 1.43 
  28  128  475  981 1.57 
  28  128  531  811 1.71 
  28  128  531  896 1.71 
  28  128  531  981 1.71 
  28  128  587  811 2.00 
  28  128  587  896 1.71 
  28  128  587  981 1.43 
  28  128  643  725 1.57 
  28  128  643  811 2.00 
  28  128  643  896 2.14 
  28  128  643  981 1.57 
  28  213  475  981 2.57 
  28  213  531  896 2.86 
  28  213  531  981 2.71 
  28  213  587  896 3.29 
  28  213  587  981 3.00 
  28  213  643  811 3.00 
  28  213  643  896 3.29 
  28  213  643  981 3.14 
  28  299  531  981 2.71 
  28  299  587  981 3.14 
  28  299  643  896 3.29 
  28  299  643  981 3.14 
  84   43  475  981 -2.00 
  84   43  531  811 3.14 
  84   43  531  896 3.43 
  84   43  531  981 3.14 
  84   43  587  725 2.71 
  84   43  587  811 3.14 
  84   43  587  896 3.14 
  84   43  587  981 3.29 
  84   43  643  725 2.14 
  84   43  643  811 2.86 
  84   43  643  896 3.00 
  84   43  643  981 3.29 
  84  128  531  896 1.57 
  84  128  531  981 1.71 
  84  128  587  811 1.57 
  84  128  587  896 1.43 
  84  128  587  981 1.43 
  84  128  643  811 1.57 
  84  128  643  896 1.71 
  84  128  643  981 1.57 
  84  213  531  981 2.43 
  84  213  587  896 2.43 
  84  213  587  981 2.14 
  84  213  643  896 2.57 
  84  213  643  981 2.14 
  84  299  587  981 2.14 
  84  299  643  981 2.43 
 140   43  531  981 -2.00 
 140   43  587  811 2.43 
 140   43  587  896 2.43 
 140   43  587  981 2.43 
 140   43  643  725 2.29 
 140   43  643  811 2.43 
 140   43  643  896 2.57 
 140   43  643  981 2.57 
 140  128  587  896 1.14 
 140  128  587  981 1.29 
 140  128  643  811 1.29 
 140  128  643  896 1.43 
 140  128  643  981 1.29 
 140  213  587  981 2.14 
 140  213  643  896 1.86 
 140  213  643  981 2.00 
 140  299  643  981 1.86 
 196   43  587  981 -2.00 
 196   43  643  811 1.29 
 196   43  643  896 1.29 
 196   43  643  981 1.14 
 196  128  643  896 1.00 
 196  128  643  981 1.00 
 196  213  643  981 1.29 
