  43   27  725  504 3.29 
  43   27  725  557 3.00 
  43   27  725  610 3.00 
  43   27  811  451 3.00 
  43   27  811  504 3.29 
  43   27  811  557 3.14 
  43   27  811  610 3.57 
  43   27  896  451 -2.00 
  43   27  896  504 3.00 
  43   27  896  557 3.71 
  43   27  896  610 4.00 
  43   27  981  451 -2.00 
  43   27  981  504 3.00 
  43   27  981  557 3.43 
  43   27  981  610 4.57 
  43   80  725  557 3.00 
  43   80  725  610 3.00 
  43   80  811  504 3.14 
  43   80  811  557 3.43 
  43   80  811  610 3.29 
  43   80  896  504 -2.00 
  43   80  896  557 4.00 
  43   80  896  610 3.43 
  43   80  981  451 -2.00 
  43   80  981  504 -2.00 
  43   80  981  557 4.29 
  43   80  981  610 3.29 
  43  133  725  610 3.29 
  43  133  811  557 3.14 
  43  133  811  610 3.14 
  43  133  896  557 -2.00 
  43  133  896  610 3.00 
  43  133  981  504 -2.00 
  43  133  981  557 -2.00 
  43  133  981  610 3.00 
  43  186  811  610 3.00 
  43  186  896  610 -2.00 
  43  186  981  557 -2.00 
  43  186  981  610 -2.00 
 128   27  725  610 3.29 
 128   27  811  504 3.00 
 128   27  811  557 3.43 
 128   27  811  610 3.71 
 128   27  896  451 3.00 
 128   27  896  504 3.00 
 128   27  896  557 3.43 
 128   27  896  610 4.29 
 128   27  981  451 -2.00 
 128   27  981  504 3.00 
 128   27  981  557 3.14 
 128   27  981  610 4.00 
 128   80  811  557 3.71 
 128   80  811  610 3.43 
 128   80  896  504 3.14 
 128   80  896  557 4.29 
 128   80  896  610 3.43 
 128   80  981  504 -2.00 
 128   80  981  557 4.00 
 128   80  981  610 3.43 
 128  133  811  610 3.14 
 128  133  896  557 3.29 
 128  133  896  610 3.14 
 128  133  981  557 -2.00 
 128  133  981  610 3.00 
 128  186  896  610 2.86 
 128  186  981  610 -2.00 
 213   27  811  610 4.14 
 213   27  896  504 3.00 
 213   27  896  557 3.14 
 213   27  896  610 3.71 
 213   27  981  451 3.00 
 213   27  981  504 3.14 
 213   27  981  557 3.00 
 213   27  981  610 3.14 
 213   80  896  557 3.57 
 213   80  896  610 3.29 
 213   80  981  504 3.00 
 213   80  981  557 3.00 
 213   80  981  610 3.00 
 213  133  896  610 3.00 
 213  133  981  557 3.00 
 213  133  981  610 3.00 
 213  186  981  610 2.86 
 299   27  896  610 3.14 
 299   27  981  504 3.14 
 299   27  981  557 3.00 
 299   27  981  610 3.00 
 299   80  981  557 3.00 
 299   80  981  610 3.00 
 299  133  981  610 3.00 
