  33   43  561  811 2.14 
  33   43  561  896 2.43 
  33   43  561  981 2.29 
  33   43  627  725 3.00 
  33   43  627  811 3.00 
  33   43  627  896 2.86 
  33   43  627  981 3.00 
  33   43  693  725 3.71 
  33   43  693  811 4.00 
  33   43  693  896 3.57 
  33   43  693  981 3.71 
  33   43  759  725 4.29 
  33   43  759  811 4.00 
  33   43  759  896 4.00 
  33   43  759  981 4.00 
  33  128  561  896 2.29 
  33  128  561  981 2.43 
  33  128  627  811 3.00 
  33  128  627  896 2.86 
  33  128  627  981 2.71 
  33  128  693  811 3.29 
  33  128  693  896 3.29 
  33  128  693  981 3.14 
  33  128  759  725 4.00 
  33  128  759  811 4.14 
  33  128  759  896 3.57 
  33  128  759  981 3.29 
  33  213  561  981 1.71 
  33  213  627  896 1.71 
  33  213  627  981 1.71 
  33  213  693  896 1.71 
  33  213  693  981 1.71 
  33  213  759  811 2.00 
  33  213  759  896 1.86 
  33  213  759  981 1.71 
  33  299  627  981 1.86 
  33  299  693  981 2.14 
  33  299  759  896 2.57 
  33  299  759  981 2.29 
  99   43  561  981 2.43 
  99   43  627  811 3.29 
  99   43  627  896 3.14 
  99   43  627  981 3.29 
  99   43  693  725 4.00 
  99   43  693  811 4.00 
  99   43  693  896 3.57 
  99   43  693  981 3.86 
  99   43  759  725 4.00 
  99   43  759  811 3.86 
  99   43  759  896 3.86 
  99   43  759  981 3.71 
  99  128  627  896 3.14 
  99  128  627  981 3.00 
  99  128  693  811 4.14 
  99  128  693  896 3.43 
  99  128  693  981 3.43 
  99  128  759  811 3.57 
  99  128  759  896 4.14 
  99  128  759  981 3.43 
  99  213  627  981 1.86 
  99  213  693  896 1.86 
  99  213  693  981 1.86 
  99  213  759  896 1.71 
  99  213  759  981 1.71 
  99  299  693  981 1.86 
  99  299  759  981 2.14 
 165   43  627  981 3.43 
 165   43  693  811 4.00 
 165   43  693  896 4.14 
 165   43  693  981 4.00 
 165   43  759  725 4.14 
 165   43  759  811 3.86 
 165   43  759  896 3.57 
 165   43  759  981 3.86 
 165  128  693  896 4.14 
 165  128  693  981 3.71 
 165  128  759  811 4.14 
 165  128  759  896 4.00 
 165  128  759  981 4.14 
 165  213  693  981 1.86 
 165  213  759  896 1.86 
 165  213  759  981 1.71 
 165  299  759  981 2.14 
 231   43  693  981 3.86 
 231   43  759  811 3.43 
 231   43  759  896 3.71 
 231   43  759  981 3.86 
 231  128  759  896 3.29 
 231  128  759  981 3.29 
 231  213  759  981 1.86 
