  35   43  589  811 1.00 
  35   43  589  896 1.00 
  35   43  589  981 1.00 
  35   43  659  725 1.57 
  35   43  659  811 1.57 
  35   43  659  896 1.43 
  35   43  659  981 1.43 
  35   43  728  725 2.71 
  35   43  728  811 2.57 
  35   43  728  896 3.14 
  35   43  728  981 3.14 
  35   43  797  725 3.43 
  35   43  797  811 3.57 
  35   43  797  896 3.86 
  35   43  797  981 3.86 
  35  128  589  896 1.00 
  35  128  589  981 1.00 
  35  128  659  811 1.43 
  35  128  659  896 1.43 
  35  128  659  981 1.43 
  35  128  728  811 3.00 
  35  128  728  896 2.71 
  35  128  728  981 2.86 
  35  128  797  725 3.43 
  35  128  797  811 3.71 
  35  128  797  896 3.71 
  35  128  797  981 3.43 
  35  213  589  981 1.00 
  35  213  659  896 1.00 
  35  213  659  981 1.00 
  35  213  728  896 1.57 
  35  213  728  981 1.43 
  35  213  797  811 1.57 
  35  213  797  896 1.57 
  35  213  797  981 1.71 
  35  299  659  981 1.00 
  35  299  728  981 1.43 
  35  299  797  896 1.86 
  35  299  797  981 1.71 
 104   43  589  981 1.00 
 104   43  659  811 1.43 
 104   43  659  896 1.43 
 104   43  659  981 1.43 
 104   43  728  725 2.71 
 104   43  728  811 2.71 
 104   43  728  896 3.00 
 104   43  728  981 2.86 
 104   43  797  725 3.29 
 104   43  797  811 3.29 
 104   43  797  896 3.71 
 104   43  797  981 3.86 
 104  128  659  896 1.43 
 104  128  659  981 1.43 
 104  128  728  811 2.86 
 104  128  728  896 2.71 
 104  128  728  981 2.71 
 104  128  797  811 3.57 
 104  128  797  896 3.71 
 104  128  797  981 3.14 
 104  213  659  981 1.00 
 104  213  728  896 1.43 
 104  213  728  981 1.43 
 104  213  797  896 1.71 
 104  213  797  981 1.43 
 104  299  728  981 1.57 
 104  299  797  981 1.57 
 173   43  659  981 1.43 
 173   43  728  811 2.71 
 173   43  728  896 2.86 
 173   43  728  981 2.57 
 173   43  797  725 3.43 
 173   43  797  811 3.29 
 173   43  797  896 3.71 
 173   43  797  981 3.71 
 173  128  728  896 2.71 
 173  128  728  981 2.71 
 173  128  797  811 3.29 
 173  128  797  896 3.86 
 173  128  797  981 3.43 
 173  213  728  981 1.43 
 173  213  797  896 1.57 
 173  213  797  981 1.57 
 173  299  797  981 1.57 
 243   43  728  981 2.57 
 243   43  797  811 3.29 
 243   43  797  896 3.71 
 243   43  797  981 4.00 
 243  128  797  896 4.00 
 243  128  797  981 3.71 
 243  213  797  981 1.43 
