  28   43  482  811 3.57 
  28   43  482  896 3.57 
  28   43  482  981 3.57 
  28   43  538  725 3.86 
  28   43  538  811 3.86 
  28   43  538  896 3.86 
  28   43  538  981 3.43 
  28   43  595  725 4.00 
  28   43  595  811 4.00 
  28   43  595  896 4.00 
  28   43  595  981 3.57 
  28   43  652  725 3.57 
  28   43  652  811 3.86 
  28   43  652  896 3.57 
  28   43  652  981 3.71 
  28  128  482  896 1.71 
  28  128  482  981 1.71 
  28  128  538  811 2.00 
  28  128  538  896 1.71 
  28  128  538  981 1.86 
  28  128  595  811 2.00 
  28  128  595  896 1.86 
  28  128  595  981 1.86 
  28  128  652  725 2.00 
  28  128  652  811 1.86 
  28  128  652  896 2.00 
  28  128  652  981 1.71 
  28  213  482  981 1.29 
  28  213  538  896 1.43 
  28  213  538  981 1.29 
  28  213  595  896 1.43 
  28  213  595  981 1.29 
  28  213  652  811 1.57 
  28  213  652  896 1.43 
  28  213  652  981 1.29 
  28  299  538  981 1.57 
  28  299  595  981 1.43 
  28  299  652  896 1.43 
  28  299  652  981 1.71 
  85   43  482  981 -2.00 
  85   43  538  811 3.71 
  85   43  538  896 3.57 
  85   43  538  981 3.43 
  85   43  595  725 3.57 
  85   43  595  811 3.86 
  85   43  595  896 3.71 
  85   43  595  981 3.29 
  85   43  652  725 3.57 
  85   43  652  811 3.43 
  85   43  652  896 3.43 
  85   43  652  981 3.43 
  85  128  538  896 1.86 
  85  128  538  981 1.86 
  85  128  595  811 1.86 
  85  128  595  896 1.71 
  85  128  595  981 1.86 
  85  128  652  811 1.86 
  85  128  652  896 1.86 
  85  128  652  981 1.86 
  85  213  538  981 1.43 
  85  213  595  896 1.43 
  85  213  595  981 1.29 
  85  213  652  896 1.43 
  85  213  652  981 1.29 
  85  299  595  981 1.43 
  85  299  652  981 1.43 
 142   43  538  981 -2.00 
 142   43  595  811 3.43 
 142   43  595  896 3.29 
 142   43  595  981 3.14 
 142   43  652  725 3.57 
 142   43  652  811 3.29 
 142   43  652  896 3.00 
 142   43  652  981 3.29 
 142  128  595  896 1.86 
 142  128  595  981 1.71 
 142  128  652  811 2.00 
 142  128  652  896 1.71 
 142  128  652  981 1.86 
 142  213  595  981 1.14 
 142  213  652  896 1.43 
 142  213  652  981 1.29 
 142  299  652  981 1.29 
 198   43  595  981 -2.00 
 198   43  652  811 2.43 
 198   43  652  896 2.29 
 198   43  652  981 2.29 
 198  128  652  896 1.71 
 198  128  652  981 1.57 
 198  213  652  981 1.14 
