  24   43  408  811 2.14 
  24   43  408  896 -2.00 
  24   43  408  981 -2.00 
  24   43  456  725 1.29 
  24   43  456  811 2.14 
  24   43  456  896 2.86 
  24   43  456  981 3.00 
  24   43  504  725 1.43 
  24   43  504  811 2.29 
  24   43  504  896 2.86 
  24   43  504  981 3.14 
  24   43  552  725 1.29 
  24   43  552  811 2.00 
  24   43  552  896 3.00 
  24   43  552  981 3.14 
  24  128  408  896 2.86 
  24  128  408  981 -2.00 
  24  128  456  811 2.29 
  24  128  456  896 3.00 
  24  128  456  981 3.57 
  24  128  504  811 2.14 
  24  128  504  896 3.00 
  24  128  504  981 3.57 
  24  128  552  725 1.43 
  24  128  552  811 2.14 
  24  128  552  896 3.00 
  24  128  552  981 3.57 
  24  213  408  981 4.00 
  24  213  456  896 3.00 
  24  213  456  981 4.00 
  24  213  504  896 2.86 
  24  213  504  981 4.14 
  24  213  552  811 2.29 
  24  213  552  896 3.00 
  24  213  552  981 3.86 
  24  299  456  981 4.29 
  24  299  504  981 4.14 
  24  299  552  896 3.00 
  24  299  552  981 4.14 
  72   43  408  981 -2.00 
  72   43  456  811 2.14 
  72   43  456  896 -2.00 
  72   43  456  981 -2.00 
  72   43  504  725 1.43 
  72   43  504  811 2.14 
  72   43  504  896 2.86 
  72   43  504  981 3.00 
  72   43  552  725 1.57 
  72   43  552  811 2.29 
  72   43  552  896 3.00 
  72   43  552  981 3.14 
  72  128  456  896 2.86 
  72  128  456  981 -2.00 
  72  128  504  811 2.00 
  72  128  504  896 3.00 
  72  128  504  981 3.14 
  72  128  552  811 2.14 
  72  128  552  896 2.71 
  72  128  552  981 3.14 
  72  213  456  981 3.29 
  72  213  504  896 3.00 
  72  213  504  981 3.14 
  72  213  552  896 3.00 
  72  213  552  981 3.14 
  72  299  504  981 3.14 
  72  299  552  981 3.14 
 120   43  456  981 -2.00 
 120   43  504  811 1.43 
 120   43  504  896 -2.00 
 120   43  504  981 -2.00 
 120   43  552  725 1.43 
 120   43  552  811 1.57 
 120   43  552  896 1.57 
 120   43  552  981 1.57 
 120  128  504  896 1.57 
 120  128  504  981 -2.00 
 120  128  552  811 1.57 
 120  128  552  896 1.71 
 120  128  552  981 1.57 
 120  213  504  981 1.57 
 120  213  552  896 1.57 
 120  213  552  981 1.57 
 120  299  552  981 1.71 
 168   43  504  981 -2.00 
 168   43  552  811 1.29 
 168   43  552  896 -2.00 
 168   43  552  981 -2.00 
 168  128  552  896 1.43 
 168  128  552  981 -2.00 
 168  213  552  981 1.43 
