  43   34  725  637 3.29 
  43   34  725  704 3.14 
  43   34  725  771 3.29 
  43   34  811  570 3.57 
  43   34  811  637 3.14 
  43   34  811  704 3.43 
  43   34  811  771 3.29 
  43   34  896  570 3.29 
  43   34  896  637 3.14 
  43   34  896  704 3.29 
  43   34  896  771 3.14 
  43   34  981  570 3.43 
  43   34  981  637 3.00 
  43   34  981  704 3.14 
  43   34  981  771 3.00 
  43  101  725  704 3.29 
  43  101  725  771 3.43 
  43  101  811  637 3.57 
  43  101  811  704 3.14 
  43  101  811  771 3.57 
  43  101  896  637 3.29 
  43  101  896  704 3.00 
  43  101  896  771 3.00 
  43  101  981  570 -2.00 
  43  101  981  637 3.29 
  43  101  981  704 3.14 
  43  101  981  771 3.14 
  43  168  725  771 3.57 
  43  168  811  704 3.14 
  43  168  811  771 3.43 
  43  168  896  704 3.43 
  43  168  896  771 3.57 
  43  168  981  637 -2.00 
  43  168  981  704 3.57 
  43  168  981  771 3.71 
  43  235  811  771 3.14 
  43  235  896  771 3.00 
  43  235  981  704 -2.00 
  43  235  981  771 3.00 
 128   34  725  771 3.29 
 128   34  811  637 3.14 
 128   34  811  704 3.43 
 128   34  811  771 3.14 
 128   34  896  570 3.43 
 128   34  896  637 3.14 
 128   34  896  704 3.29 
 128   34  896  771 3.14 
 128   34  981  570 3.43 
 128   34  981  637 3.00 
 128   34  981  704 3.00 
 128   34  981  771 3.14 
 128  101  811  704 3.14 
 128  101  811  771 3.14 
 128  101  896  637 3.00 
 128  101  896  704 3.00 
 128  101  896  771 3.14 
 128  101  981  637 3.00 
 128  101  981  704 3.00 
 128  101  981  771 3.29 
 128  168  811  771 3.57 
 128  168  896  704 3.43 
 128  168  896  771 3.43 
 128  168  981  704 3.43 
 128  168  981  771 3.71 
 128  235  896  771 3.29 
 128  235  981  771 3.00 
 213   34  811  771 3.14 
 213   34  896  637 3.14 
 213   34  896  704 2.00 
 213   34  896  771 1.71 
 213   34  981  570 2.00 
 213   34  981  637 2.00 
 213   34  981  704 2.00 
 213   34  981  771 2.00 
 213  101  896  704 2.00 
 213  101  896  771 2.00 
 213  101  981  637 2.00 
 213  101  981  704 1.86 
 213  101  981  771 2.00 
 213  168  896  771 3.29 
 213  168  981  704 2.00 
 213  168  981  771 1.86 
 213  235  981  771 3.00 
 299   34  896  771 1.43 
 299   34  981  637 1.29 
 299   34  981  704 1.29 
 299   34  981  771 1.29 
 299  101  981  704 1.29 
 299  101  981  771 1.14 
 299  168  981  771 1.29 
