  29   43  486  811 2.43 
  29   43  486  896 2.29 
  29   43  486  981 2.29 
  29   43  543  725 3.43 
  29   43  543  811 3.14 
  29   43  543  896 2.57 
  29   43  543  981 2.57 
  29   43  600  725 3.43 
  29   43  600  811 3.57 
  29   43  600  896 3.57 
  29   43  600  981 3.43 
  29   43  657  725 4.29 
  29   43  657  811 4.14 
  29   43  657  896 3.86 
  29   43  657  981 3.86 
  29  128  486  896 2.43 
  29  128  486  981 2.43 
  29  128  543  811 3.00 
  29  128  543  896 2.86 
  29  128  543  981 2.71 
  29  128  600  811 3.14 
  29  128  600  896 3.29 
  29  128  600  981 3.71 
  29  128  657  725 4.14 
  29  128  657  811 3.57 
  29  128  657  896 3.29 
  29  128  657  981 3.57 
  29  213  486  981 2.57 
  29  213  543  896 3.14 
  29  213  543  981 2.86 
  29  213  600  896 3.14 
  29  213  600  981 3.71 
  29  213  657  811 3.57 
  29  213  657  896 3.57 
  29  213  657  981 3.57 
  29  299  543  981 2.57 
  29  299  600  981 2.57 
  29  299  657  896 3.43 
  29  299  657  981 2.57 
  86   43  486  981 -2.00 
  86   43  543  811 3.43 
  86   43  543  896 3.43 
  86   43  543  981 3.14 
  86   43  600  725 3.86 
  86   43  600  811 3.71 
  86   43  600  896 4.00 
  86   43  600  981 3.71 
  86   43  657  725 3.86 
  86   43  657  811 3.86 
  86   43  657  896 3.86 
  86   43  657  981 4.00 
  86  128  543  896 3.43 
  86  128  543  981 3.29 
  86  128  600  811 3.43 
  86  128  600  896 3.43 
  86  128  600  981 3.57 
  86  128  657  811 3.71 
  86  128  657  896 3.43 
  86  128  657  981 3.86 
  86  213  543  981 3.43 
  86  213  600  896 3.57 
  86  213  600  981 3.71 
  86  213  657  896 3.71 
  86  213  657  981 3.57 
  86  299  600  981 2.57 
  86  299  657  981 2.71 
 143   43  543  981 -2.00 
 143   43  600  811 3.71 
 143   43  600  896 3.86 
 143   43  600  981 3.86 
 143   43  657  725 3.71 
 143   43  657  811 4.00 
 143   43  657  896 3.71 
 143   43  657  981 3.43 
 143  128  600  896 3.57 
 143  128  600  981 3.86 
 143  128  657  811 3.86 
 143  128  657  896 3.43 
 143  128  657  981 3.43 
 143  213  600  981 3.71 
 143  213  657  896 3.71 
 143  213  657  981 3.86 
 143  299  657  981 3.14 
 200   43  600  981 -2.00 
 200   43  657  811 4.14 
 200   43  657  896 3.71 
 200   43  657  981 3.43 
 200  128  657  896 3.43 
 200  128  657  981 3.57 
 200  213  657  981 3.86 
