  25   43  419  811 4.00 
  25   43  419  896 4.43 
  25   43  419  981 -2.00 
  25   43  468  725 3.29 
  25   43  468  811 3.86 
  25   43  468  896 4.43 
  25   43  468  981 4.29 
  25   43  517  725 3.43 
  25   43  517  811 3.71 
  25   43  517  896 4.29 
  25   43  517  981 3.57 
  25   43  566  725 3.29 
  25   43  566  811 3.86 
  25   43  566  896 3.86 
  25   43  566  981 3.57 
  25  128  419  896 3.14 
  25  128  419  981 3.29 
  25  128  468  811 3.43 
  25  128  468  896 3.29 
  25  128  468  981 3.14 
  25  128  517  811 3.29 
  25  128  517  896 3.29 
  25  128  517  981 3.14 
  25  128  566  725 3.43 
  25  128  566  811 3.14 
  25  128  566  896 3.14 
  25  128  566  981 3.00 
  25  213  419  981 1.86 
  25  213  468  896 2.00 
  25  213  468  981 2.00 
  25  213  517  896 2.00 
  25  213  517  981 1.86 
  25  213  566  811 2.14 
  25  213  566  896 2.00 
  25  213  566  981 1.86 
  25  299  468  981 2.14 
  25  299  517  981 2.14 
  25  299  566  896 2.14 
  25  299  566  981 1.86 
  74   43  419  981 -2.00 
  74   43  468  811 3.00 
  74   43  468  896 3.14 
  74   43  468  981 -2.00 
  74   43  517  725 3.00 
  74   43  517  811 3.00 
  74   43  517  896 3.00 
  74   43  517  981 3.00 
  74   43  566  725 2.57 
  74   43  566  811 2.71 
  74   43  566  896 2.86 
  74   43  566  981 3.00 
  74  128  468  896 2.86 
  74  128  468  981 2.86 
  74  128  517  811 2.71 
  74  128  517  896 2.57 
  74  128  517  981 2.71 
  74  128  566  811 2.57 
  74  128  566  896 2.43 
  74  128  566  981 2.57 
  74  213  468  981 2.00 
  74  213  517  896 1.86 
  74  213  517  981 1.86 
  74  213  566  896 1.71 
  74  213  566  981 1.86 
  74  299  517  981 2.14 
  74  299  566  981 2.14 
 123   43  468  981 -2.00 
 123   43  517  811 1.71 
 123   43  517  896 1.71 
 123   43  517  981 -2.00 
 123   43  566  725 1.71 
 123   43  566  811 1.57 
 123   43  566  896 1.71 
 123   43  566  981 1.71 
 123  128  517  896 1.57 
 123  128  517  981 1.57 
 123  128  566  811 1.71 
 123  128  566  896 1.57 
 123  128  566  981 1.71 
 123  213  517  981 1.43 
 123  213  566  896 1.29 
 123  213  566  981 1.57 
 123  299  566  981 1.29 
 172   43  517  981 -2.00 
 172   43  566  811 1.00 
 172   43  566  896 1.00 
 172   43  566  981 -2.00 
 172  128  566  896 1.29 
 172  128  566  981 1.14 
 172  213  566  981 1.14 
