  43   28  725  541 3.43 
  43   28  725  598 3.00 
  43   28  725  655 3.14 
  43   28  811  484 4.00 
  43   28  811  541 4.00 
  43   28  811  598 3.00 
  43   28  811  655 3.14 
  43   28  896  484 3.43 
  43   28  896  541 3.71 
  43   28  896  598 3.00 
  43   28  896  655 3.00 
  43   28  981  484 -2.00 
  43   28  981  541 3.14 
  43   28  981  598 3.00 
  43   28  981  655 3.57 
  43   85  725  598 3.00 
  43   85  725  655 3.00 
  43   85  811  541 3.71 
  43   85  811  598 3.14 
  43   85  811  655 3.00 
  43   85  896  541 3.14 
  43   85  896  598 3.00 
  43   85  896  655 3.00 
  43   85  981  484 -2.00 
  43   85  981  541 -2.00 
  43   85  981  598 3.00 
  43   85  981  655 3.00 
  43  142  725  655 3.43 
  43  142  811  598 3.57 
  43  142  811  655 3.57 
  43  142  896  598 3.00 
  43  142  896  655 3.00 
  43  142  981  541 -2.00 
  43  142  981  598 -2.00 
  43  142  981  655 3.00 
  43  199  811  655 4.14 
  43  199  896  655 3.71 
  43  199  981  598 -2.00 
  43  199  981  655 -2.00 
 128   28  725  655 3.14 
 128   28  811  541 3.57 
 128   28  811  598 3.00 
 128   28  811  655 3.14 
 128   28  896  484 3.43 
 128   28  896  541 3.43 
 128   28  896  598 3.00 
 128   28  896  655 3.00 
 128   28  981  484 3.14 
 128   28  981  541 3.14 
 128   28  981  598 3.00 
 128   28  981  655 3.00 
 128   85  811  598 3.00 
 128   85  811  655 3.00 
 128   85  896  541 3.00 
 128   85  896  598 3.00 
 128   85  896  655 3.00 
 128   85  981  541 3.00 
 128   85  981  598 3.00 
 128   85  981  655 3.00 
 128  142  811  655 3.00 
 128  142  896  598 3.00 
 128  142  896  655 3.00 
 128  142  981  598 3.00 
 128  142  981  655 3.00 
 128  199  896  655 3.43 
 128  199  981  655 3.29 
 213   28  811  655 3.00 
 213   28  896  541 3.14 
 213   28  896  598 3.00 
 213   28  896  655 3.00 
 213   28  981  484 3.14 
 213   28  981  541 3.29 
 213   28  981  598 3.00 
 213   28  981  655 3.00 
 213   85  896  598 3.00 
 213   85  896  655 3.00 
 213   85  981  541 3.14 
 213   85  981  598 3.00 
 213   85  981  655 3.00 
 213  142  896  655 3.00 
 213  142  981  598 3.00 
 213  142  981  655 3.14 
 213  199  981  655 3.29 
 299   28  896  655 3.00 
 299   28  981  541 3.14 
 299   28  981  598 3.00 
 299   28  981  655 3.00 
 299   85  981  598 3.00 
 299   85  981  655 3.00 
 299  142  981  655 3.00 
