  23   43  394  811 2.43 
  23   43  394  896 -2.00 
  23   43  394  981 -2.00 
  23   43  440  725 2.57 
  23   43  440  811 3.29 
  23   43  440  896 3.29 
  23   43  440  981 -2.00 
  23   43  487  725 2.43 
  23   43  487  811 3.29 
  23   43  487  896 3.57 
  23   43  487  981 3.86 
  23   43  533  725 2.29 
  23   43  533  811 3.43 
  23   43  533  896 3.43 
  23   43  533  981 4.00 
  23  128  394  896 3.00 
  23  128  394  981 -2.00 
  23  128  440  811 3.14 
  23  128  440  896 3.29 
  23  128  440  981 3.43 
  23  128  487  811 3.14 
  23  128  487  896 3.57 
  23  128  487  981 3.57 
  23  128  533  725 3.14 
  23  128  533  811 3.57 
  23  128  533  896 3.86 
  23  128  533  981 3.71 
  23  213  394  981 2.71 
  23  213  440  896 3.29 
  23  213  440  981 3.29 
  23  213  487  896 3.43 
  23  213  487  981 3.86 
  23  213  533  811 3.43 
  23  213  533  896 3.29 
  23  213  533  981 4.00 
  23  299  440  981 3.71 
  23  299  487  981 4.14 
  23  299  533  896 3.86 
  23  299  533  981 4.00 
  70   43  394  981 -2.00 
  70   43  440  811 3.29 
  70   43  440  896 -2.00 
  70   43  440  981 -2.00 
  70   43  487  725 2.43 
  70   43  487  811 3.14 
  70   43  487  896 3.57 
  70   43  487  981 -2.00 
  70   43  533  725 2.29 
  70   43  533  811 3.29 
  70   43  533  896 3.29 
  70   43  533  981 3.71 
  70  128  440  896 3.86 
  70  128  440  981 -2.00 
  70  128  487  811 3.29 
  70  128  487  896 3.57 
  70  128  487  981 4.00 
  70  128  533  811 3.00 
  70  128  533  896 3.14 
  70  128  533  981 4.00 
  70  213  440  981 4.14 
  70  213  487  896 3.86 
  70  213  487  981 4.14 
  70  213  533  896 3.57 
  70  213  533  981 4.14 
  70  299  487  981 4.14 
  70  299  533  981 3.86 
 116   43  440  981 -2.00 
 116   43  487  811 3.43 
 116   43  487  896 -2.00 
 116   43  487  981 -2.00 
 116   43  533  725 2.57 
 116   43  533  811 3.14 
 116   43  533  896 3.43 
 116   43  533  981 -2.00 
 116  128  487  896 3.86 
 116  128  487  981 -2.00 
 116  128  533  811 3.14 
 116  128  533  896 3.43 
 116  128  533  981 3.43 
 116  213  487  981 4.00 
 116  213  533  896 3.14 
 116  213  533  981 3.71 
 116  299  533  981 3.57 
 162   43  487  981 -2.00 
 162   43  533  811 2.86 
 162   43  533  896 -2.00 
 162   43  533  981 -2.00 
 162  128  533  896 2.86 
 162  128  533  981 -2.00 
 162  213  533  981 2.71 
