  33   43  557  811 1.86 
  33   43  557  896 2.43 
  33   43  557  981 2.86 
  33   43  623  725 1.57 
  33   43  623  811 1.86 
  33   43  623  896 2.86 
  33   43  623  981 2.86 
  33   43  689  725 1.57 
  33   43  689  811 2.00 
  33   43  689  896 2.86 
  33   43  689  981 2.86 
  33   43  754  725 1.29 
  33   43  754  811 2.00 
  33   43  754  896 3.00 
  33   43  754  981 3.14 
  33  128  557  896 2.71 
  33  128  557  981 2.71 
  33  128  623  811 2.00 
  33  128  623  896 2.86 
  33  128  623  981 2.86 
  33  128  689  811 2.14 
  33  128  689  896 3.00 
  33  128  689  981 3.00 
  33  128  754  725 1.43 
  33  128  754  811 2.00 
  33  128  754  896 3.00 
  33  128  754  981 3.43 
  33  213  557  981 3.00 
  33  213  623  896 2.86 
  33  213  623  981 3.00 
  33  213  689  896 2.86 
  33  213  689  981 3.43 
  33  213  754  811 2.00 
  33  213  754  896 3.00 
  33  213  754  981 3.57 
  33  299  623  981 3.43 
  33  299  689  981 3.57 
  33  299  754  896 3.29 
  33  299  754  981 4.29 
  98   43  557  981 2.86 
  98   43  623  811 1.86 
  98   43  623  896 2.71 
  98   43  623  981 2.71 
  98   43  689  725 1.43 
  98   43  689  811 2.14 
  98   43  689  896 2.86 
  98   43  689  981 3.00 
  98   43  754  725 1.57 
  98   43  754  811 2.00 
  98   43  754  896 3.00 
  98   43  754  981 3.14 
  98  128  623  896 2.71 
  98  128  623  981 2.71 
  98  128  689  811 2.00 
  98  128  689  896 2.86 
  98  128  689  981 3.00 
  98  128  754  811 2.14 
  98  128  754  896 3.00 
  98  128  754  981 3.29 
  98  213  623  981 3.29 
  98  213  689  896 3.00 
  98  213  689  981 3.43 
  98  213  754  896 3.00 
  98  213  754  981 3.86 
  98  299  689  981 3.71 
  98  299  754  981 4.29 
 164   43  623  981 2.71 
 164   43  689  811 1.86 
 164   43  689  896 2.86 
 164   43  689  981 3.00 
 164   43  754  725 1.57 
 164   43  754  811 2.00 
 164   43  754  896 3.00 
 164   43  754  981 3.43 
 164  128  689  896 3.00 
 164  128  689  981 3.14 
 164  128  754  811 2.14 
 164  128  754  896 3.00 
 164  128  754  981 3.43 
 164  213  689  981 3.71 
 164  213  754  896 3.00 
 164  213  754  981 4.43 
 164  299  754  981 4.29 
 230   43  689  981 3.14 
 230   43  754  811 2.14 
 230   43  754  896 3.00 
 230   43  754  981 3.43 
 230  128  754  896 3.00 
 230  128  754  981 3.57 
 230  213  754  981 4.29 
