  24   43  409  811 3.57 
  24   43  409  896 -2.00 
  24   43  409  981 -2.00 
  24   43  457  725 3.00 
  24   43  457  811 3.29 
  24   43  457  896 3.71 
  24   43  457  981 4.00 
  24   43  505  725 2.86 
  24   43  505  811 3.29 
  24   43  505  896 3.43 
  24   43  505  981 4.14 
  24   43  553  725 2.86 
  24   43  553  811 3.14 
  24   43  553  896 3.43 
  24   43  553  981 3.86 
  24  128  409  896 4.14 
  24  128  409  981 -2.00 
  24  128  457  811 3.14 
  24  128  457  896 3.86 
  24  128  457  981 4.43 
  24  128  505  811 3.71 
  24  128  505  896 3.57 
  24  128  505  981 4.43 
  24  128  553  725 3.14 
  24  128  553  811 3.57 
  24  128  553  896 3.86 
  24  128  553  981 4.29 
  24  213  409  981 4.29 
  24  213  457  896 3.86 
  24  213  457  981 4.00 
  24  213  505  896 3.86 
  24  213  505  981 4.00 
  24  213  553  811 3.71 
  24  213  553  896 3.86 
  24  213  553  981 3.86 
  24  299  457  981 3.14 
  24  299  505  981 3.00 
  24  299  553  896 3.29 
  24  299  553  981 3.00 
  72   43  409  981 -2.00 
  72   43  457  811 2.71 
  72   43  457  896 -2.00 
  72   43  457  981 -2.00 
  72   43  505  725 2.43 
  72   43  505  811 2.86 
  72   43  505  896 3.00 
  72   43  505  981 2.71 
  72   43  553  725 2.57 
  72   43  553  811 2.71 
  72   43  553  896 3.00 
  72   43  553  981 3.14 
  72  128  457  896 3.00 
  72  128  457  981 -2.00 
  72  128  505  811 2.71 
  72  128  505  896 2.86 
  72  128  505  981 3.29 
  72  128  553  811 2.86 
  72  128  553  896 3.00 
  72  128  553  981 3.00 
  72  213  457  981 3.29 
  72  213  505  896 3.00 
  72  213  505  981 3.00 
  72  213  553  896 3.00 
  72  213  553  981 2.86 
  72  299  505  981 2.71 
  72  299  553  981 2.86 
 120   43  457  981 -2.00 
 120   43  505  811 1.71 
 120   43  505  896 -2.00 
 120   43  505  981 -2.00 
 120   43  553  725 1.86 
 120   43  553  811 2.14 
 120   43  553  896 2.00 
 120   43  553  981 1.86 
 120  128  505  896 2.00 
 120  128  505  981 -2.00 
 120  128  553  811 2.00 
 120  128  553  896 2.00 
 120  128  553  981 2.14 
 120  213  505  981 2.14 
 120  213  553  896 2.00 
 120  213  553  981 1.86 
 120  299  553  981 1.86 
 168   43  505  981 -2.00 
 168   43  553  811 1.00 
 168   43  553  896 -2.00 
 168   43  553  981 -2.00 
 168  128  553  896 1.00 
 168  128  553  981 -2.00 
 168  213  553  981 1.00 
