  43   43  723  811 1.43 
  43   43  723  896 1.43 
  43   43  723  981 1.14 
  43   43  808  725 2.43 
  43   43  808  811 2.43 
  43   43  808  896 2.57 
  43   43  808  981 2.57 
  43   43  893  725 3.00 
  43   43  893  811 3.43 
  43   43  893  896 3.43 
  43   43  893  981 4.00 
  43   43  978  725 3.29 
  43   43  978  811 3.43 
  43   43  978  896 3.71 
  43   43  978  981 4.00 
  43  128  723  896 1.43 
  43  128  723  981 1.43 
  43  128  808  811 2.29 
  43  128  808  896 2.43 
  43  128  808  981 2.43 
  43  128  893  811 3.29 
  43  128  893  896 3.86 
  43  128  893  981 4.00 
  43  128  978  725 4.00 
  43  128  978  811 3.86 
  43  128  978  896 4.00 
  43  128  978  981 3.86 
  43  213  723  981 1.29 
  43  213  808  896 2.71 
  43  213  808  981 2.43 
  43  213  893  896 3.71 
  43  213  893  981 3.71 
  43  213  978  811 3.71 
  43  213  978  896 4.00 
  43  213  978  981 4.14 
  43  299  808  981 2.00 
  43  299  893  981 3.00 
  43  299  978  896 4.14 
  43  299  978  981 3.14 
 128   43  723  981 1.29 
 128   43  808  811 2.71 
 128   43  808  896 2.43 
 128   43  808  981 2.43 
 128   43  893  725 3.14 
 128   43  893  811 3.57 
 128   43  893  896 3.57 
 128   43  893  981 4.00 
 128   43  978  725 3.29 
 128   43  978  811 3.43 
 128   43  978  896 3.14 
 128   43  978  981 3.86 
 128  128  808  896 2.57 
 128  128  808  981 2.57 
 128  128  893  811 3.57 
 128  128  893  896 4.00 
 128  128  893  981 4.00 
 128  128  978  811 3.86 
 128  128  978  896 4.00 
 128  128  978  981 3.14 
 128  213  808  981 2.57 
 128  213  893  896 4.14 
 128  213  893  981 3.57 
 128  213  978  896 4.00 
 128  213  978  981 3.57 
 128  299  893  981 3.00 
 128  299  978  981 3.43 
 213   43  808  981 2.29 
 213   43  893  811 3.57 
 213   43  893  896 3.57 
 213   43  893  981 3.86 
 213   43  978  725 3.57 
 213   43  978  811 3.29 
 213   43  978  896 3.43 
 213   43  978  981 3.71 
 213  128  893  896 4.00 
 213  128  893  981 3.86 
 213  128  978  811 3.57 
 213  128  978  896 3.43 
 213  128  978  981 3.43 
 213  213  893  981 4.00 
 213  213  978  896 3.86 
 213  213  978  981 3.29 
 213  299  978  981 3.14 
 298   43  893  981 3.57 
 298   43  978  811 3.29 
 298   43  978  896 3.43 
 298   43  978  981 3.57 
 298  128  978  896 3.43 
 298  128  978  981 3.57 
 298  213  978  981 3.57 
