  29   43  489  811 2.86 
  29   43  489  896 3.14 
  29   43  489  981 3.57 
  29   43  547  725 3.00 
  29   43  547  811 3.14 
  29   43  547  896 4.43 
  29   43  547  981 4.57 
  29   43  605  725 3.00 
  29   43  605  811 3.14 
  29   43  605  896 4.14 
  29   43  605  981 4.29 
  29   43  662  725 3.00 
  29   43  662  811 2.86 
  29   43  662  896 3.14 
  29   43  662  981 3.57 
  29  128  489  896 3.00 
  29  128  489  981 3.29 
  29  128  547  811 4.43 
  29  128  547  896 3.71 
  29  128  547  981 3.57 
  29  128  605  811 4.14 
  29  128  605  896 3.71 
  29  128  605  981 3.29 
  29  128  662  725 3.29 
  29  128  662  811 3.14 
  29  128  662  896 3.29 
  29  128  662  981 3.00 
  29  213  489  981 3.00 
  29  213  547  896 2.86 
  29  213  547  981 2.86 
  29  213  605  896 2.86 
  29  213  605  981 2.86 
  29  213  662  811 2.86 
  29  213  662  896 2.86 
  29  213  662  981 2.86 
  29  299  547  981 1.57 
  29  299  605  981 1.57 
  29  299  662  896 1.43 
  29  299  662  981 1.57 
  86   43  489  981 -2.00 
  86   43  547  811 3.14 
  86   43  547  896 4.57 
  86   43  547  981 4.71 
  86   43  605  725 3.00 
  86   43  605  811 3.14 
  86   43  605  896 3.86 
  86   43  605  981 3.57 
  86   43  662  725 3.00 
  86   43  662  811 3.00 
  86   43  662  896 3.14 
  86   43  662  981 3.29 
  86  128  547  896 4.00 
  86  128  547  981 3.43 
  86  128  605  811 3.71 
  86  128  605  896 3.29 
  86  128  605  981 3.29 
  86  128  662  811 3.14 
  86  128  662  896 3.14 
  86  128  662  981 3.00 
  86  213  547  981 2.86 
  86  213  605  896 2.86 
  86  213  605  981 2.86 
  86  213  662  896 2.86 
  86  213  662  981 2.86 
  86  299  605  981 1.57 
  86  299  662  981 1.43 
 144   43  547  981 -2.00 
 144   43  605  811 2.86 
 144   43  605  896 3.14 
 144   43  605  981 3.43 
 144   43  662  725 3.00 
 144   43  662  811 2.86 
 144   43  662  896 3.00 
 144   43  662  981 3.14 
 144  128  605  896 3.14 
 144  128  605  981 3.00 
 144  128  662  811 3.14 
 144  128  662  896 3.57 
 144  128  662  981 3.14 
 144  213  605  981 2.86 
 144  213  662  896 2.86 
 144  213  662  981 2.86 
 144  299  662  981 1.57 
 202   43  605  981 -2.00 
 202   43  662  811 3.00 
 202   43  662  896 3.14 
 202   43  662  981 3.57 
 202  128  662  896 3.29 
 202  128  662  981 3.14 
 202  213  662  981 2.86 
