  43   42  725  803 2.71 
  43   42  725  887 2.71 
  43   42  725  972 2.71 
  43   42  811  718 2.29 
  43   42  811  803 2.29 
  43   42  811  887 2.29 
  43   42  811  972 2.29 
  43   42  896  718 3.14 
  43   42  896  803 3.00 
  43   42  896  887 3.00 
  43   42  896  972 3.14 
  43   42  981  718 3.29 
  43   42  981  803 3.57 
  43   42  981  887 3.43 
  43   42  981  972 3.57 
  43  127  725  887 2.71 
  43  127  725  972 2.71 
  43  127  811  803 2.29 
  43  127  811  887 2.29 
  43  127  811  972 2.29 
  43  127  896  803 3.00 
  43  127  896  887 3.00 
  43  127  896  972 3.29 
  43  127  981  718 3.29 
  43  127  981  803 3.43 
  43  127  981  887 3.57 
  43  127  981  972 4.14 
  43  211  725  972 2.57 
  43  211  811  887 2.29 
  43  211  811  972 2.29 
  43  211  896  887 3.14 
  43  211  896  972 3.00 
  43  211  981  803 3.86 
  43  211  981  887 3.71 
  43  211  981  972 3.43 
  43  296  811  972 2.14 
  43  296  896  972 2.71 
  43  296  981  887 2.86 
  43  296  981  972 2.86 
 128   42  725  972 2.71 
 128   42  811  803 2.29 
 128   42  811  887 2.43 
 128   42  811  972 2.29 
 128   42  896  718 3.00 
 128   42  896  803 2.86 
 128   42  896  887 3.00 
 128   42  896  972 3.14 
 128   42  981  718 3.29 
 128   42  981  803 3.57 
 128   42  981  887 3.57 
 128   42  981  972 3.71 
 128  127  811  887 2.29 
 128  127  811  972 2.43 
 128  127  896  803 2.86 
 128  127  896  887 3.14 
 128  127  896  972 3.71 
 128  127  981  803 3.57 
 128  127  981  887 3.86 
 128  127  981  972 4.57 
 128  211  811  972 2.29 
 128  211  896  887 3.57 
 128  211  896  972 3.00 
 128  211  981  887 4.14 
 128  211  981  972 3.57 
 128  296  896  972 2.57 
 128  296  981  972 2.86 
 213   42  811  972 2.29 
 213   42  896  803 3.00 
 213   42  896  887 3.14 
 213   42  896  972 3.00 
 213   42  981  718 3.43 
 213   42  981  803 3.43 
 213   42  981  887 3.71 
 213   42  981  972 3.86 
 213  127  896  887 3.14 
 213  127  896  972 3.86 
 213  127  981  803 3.71 
 213  127  981  887 3.71 
 213  127  981  972 4.57 
 213  211  896  972 3.14 
 213  211  981  887 3.86 
 213  211  981  972 3.43 
 213  296  981  972 2.71 
 299   42  896  972 3.14 
 299   42  981  803 3.00 
 299   42  981  887 3.14 
 299   42  981  972 3.29 
 299  127  981  887 3.00 
 299  127  981  972 3.57 
 299  211  981  972 3.00 
