  23   43  385  811 3.00 
  23   43  385  896 -2.00 
  23   43  385  981 -2.00 
  23   43  430  725 3.00 
  23   43  430  811 3.57 
  23   43  430  896 3.43 
  23   43  430  981 -2.00 
  23   43  475  725 3.14 
  23   43  475  811 3.43 
  23   43  475  896 3.57 
  23   43  475  981 3.00 
  23   43  520  725 3.71 
  23   43  520  811 4.29 
  23   43  520  896 3.86 
  23   43  520  981 3.14 
  23  128  385  896 2.86 
  23  128  385  981 -2.00 
  23  128  430  811 2.86 
  23  128  430  896 2.86 
  23  128  430  981 2.86 
  23  128  475  811 2.86 
  23  128  475  896 3.00 
  23  128  475  981 3.00 
  23  128  520  725 3.43 
  23  128  520  811 3.29 
  23  128  520  896 3.14 
  23  128  520  981 3.00 
  23  213  385  981 2.71 
  23  213  430  896 2.86 
  23  213  430  981 2.86 
  23  213  475  896 2.86 
  23  213  475  981 2.86 
  23  213  520  811 3.29 
  23  213  520  896 3.14 
  23  213  520  981 3.00 
  23  299  430  981 2.86 
  23  299  475  981 2.86 
  23  299  520  896 3.00 
  23  299  520  981 3.00 
  68   43  385  981 -2.00 
  68   43  430  811 3.71 
  68   43  430  896 -2.00 
  68   43  430  981 -2.00 
  68   43  475  725 3.29 
  68   43  475  811 4.14 
  68   43  475  896 3.86 
  68   43  475  981 -2.00 
  68   43  520  725 3.29 
  68   43  520  811 3.71 
  68   43  520  896 4.00 
  68   43  520  981 3.00 
  68  128  430  896 3.00 
  68  128  430  981 -2.00 
  68  128  475  811 3.00 
  68  128  475  896 3.14 
  68  128  475  981 3.00 
  68  128  520  811 3.29 
  68  128  520  896 3.14 
  68  128  520  981 3.00 
  68  213  430  981 2.86 
  68  213  475  896 2.86 
  68  213  475  981 3.00 
  68  213  520  896 3.14 
  68  213  520  981 3.00 
  68  299  475  981 2.86 
  68  299  520  981 3.00 
 113   43  430  981 -2.00 
 113   43  475  811 3.71 
 113   43  475  896 -2.00 
 113   43  475  981 -2.00 
 113   43  520  725 3.14 
 113   43  520  811 3.43 
 113   43  520  896 3.71 
 113   43  520  981 -2.00 
 113  128  475  896 3.00 
 113  128  475  981 -2.00 
 113  128  520  811 3.00 
 113  128  520  896 3.00 
 113  128  520  981 3.00 
 113  213  475  981 3.00 
 113  213  520  896 3.00 
 113  213  520  981 2.86 
 113  299  520  981 2.86 
 158   43  475  981 -2.00 
 158   43  520  811 3.14 
 158   43  520  896 -2.00 
 158   43  520  981 -2.00 
 158  128  520  896 2.86 
 158  128  520  981 -2.00 
 158  213  520  981 2.86 
