  36   43  614  811 1.57 
  36   43  614  896 1.71 
  36   43  614  981 1.86 
  36   43  686  725 2.71 
  36   43  686  811 2.71 
  36   43  686  896 2.57 
  36   43  686  981 2.71 
  36   43  759  725 3.29 
  36   43  759  811 3.14 
  36   43  759  896 3.00 
  36   43  759  981 3.14 
  36   43  831  725 3.86 
  36   43  831  811 3.57 
  36   43  831  896 3.57 
  36   43  831  981 3.57 
  36  128  614  896 1.29 
  36  128  614  981 1.57 
  36  128  686  811 1.86 
  36  128  686  896 2.14 
  36  128  686  981 2.14 
  36  128  759  811 2.43 
  36  128  759  896 2.57 
  36  128  759  981 2.57 
  36  128  831  725 2.43 
  36  128  831  811 2.43 
  36  128  831  896 2.29 
  36  128  831  981 2.57 
  36  213  614  981 1.29 
  36  213  686  896 1.71 
  36  213  686  981 1.86 
  36  213  759  896 1.86 
  36  213  759  981 1.86 
  36  213  831  811 1.71 
  36  213  831  896 1.57 
  36  213  831  981 1.86 
  36  299  686  981 1.86 
  36  299  759  981 1.86 
  36  299  831  896 2.00 
  36  299  831  981 2.00 
 108   43  614  981 1.86 
 108   43  686  811 2.43 
 108   43  686  896 2.57 
 108   43  686  981 2.86 
 108   43  759  725 3.14 
 108   43  759  811 3.29 
 108   43  759  896 3.14 
 108   43  759  981 3.00 
 108   43  831  725 4.14 
 108   43  831  811 4.14 
 108   43  831  896 3.71 
 108   43  831  981 3.43 
 108  128  686  896 2.29 
 108  128  686  981 2.00 
 108  128  759  811 2.29 
 108  128  759  896 2.43 
 108  128  759  981 2.29 
 108  128  831  811 2.57 
 108  128  831  896 2.71 
 108  128  831  981 2.57 
 108  213  686  981 1.71 
 108  213  759  896 2.14 
 108  213  759  981 2.00 
 108  213  831  896 1.86 
 108  213  831  981 2.00 
 108  299  759  981 1.86 
 108  299  831  981 2.00 
 181   43  686  981 2.86 
 181   43  759  811 4.00 
 181   43  759  896 3.29 
 181   43  759  981 3.43 
 181   43  831  725 4.14 
 181   43  831  811 4.14 
 181   43  831  896 3.71 
 181   43  831  981 3.57 
 181  128  759  896 2.57 
 181  128  759  981 2.29 
 181  128  831  811 2.71 
 181  128  831  896 2.57 
 181  128  831  981 2.29 
 181  213  759  981 1.86 
 181  213  831  896 2.00 
 181  213  831  981 1.86 
 181  299  831  981 2.00 
 253   43  759  981 3.43 
 253   43  831  811 4.29 
 253   43  831  896 3.57 
 253   43  831  981 3.43 
 253  128  831  896 2.43 
 253  128  831  981 2.14 
 253  213  831  981 1.86 
