  32   43  549  811 1.57 
  32   43  549  896 1.57 
  32   43  549  981 2.43 
  32   43  614  725 1.71 
  32   43  614  811 1.86 
  32   43  614  896 1.57 
  32   43  614  981 3.71 
  32   43  678  725 1.86 
  32   43  678  811 1.86 
  32   43  678  896 1.29 
  32   43  678  981 3.86 
  32   43  743  725 1.86 
  32   43  743  811 1.86 
  32   43  743  896 1.43 
  32   43  743  981 3.86 
  32  128  549  896 1.43 
  32  128  549  981 1.86 
  32  128  614  811 1.43 
  32  128  614  896 1.29 
  32  128  614  981 2.00 
  32  128  678  811 1.43 
  32  128  678  896 1.43 
  32  128  678  981 2.14 
  32  128  743  725 1.57 
  32  128  743  811 1.57 
  32  128  743  896 1.43 
  32  128  743  981 2.14 
  32  213  549  981 1.71 
  32  213  614  896 1.43 
  32  213  614  981 1.71 
  32  213  678  896 1.57 
  32  213  678  981 1.86 
  32  213  743  811 1.71 
  32  213  743  896 1.57 
  32  213  743  981 1.57 
  32  299  614  981 1.71 
  32  299  678  981 1.86 
  32  299  743  896 1.29 
  32  299  743  981 1.71 
  97   43  549  981 2.71 
  97   43  614  811 1.86 
  97   43  614  896 1.43 
  97   43  614  981 3.57 
  97   43  678  725 1.71 
  97   43  678  811 1.86 
  97   43  678  896 1.29 
  97   43  678  981 4.14 
  97   43  743  725 1.86 
  97   43  743  811 1.86 
  97   43  743  896 1.29 
  97   43  743  981 4.00 
  97  128  614  896 1.43 
  97  128  614  981 2.00 
  97  128  678  811 1.43 
  97  128  678  896 1.43 
  97  128  678  981 2.14 
  97  128  743  811 1.57 
  97  128  743  896 1.43 
  97  128  743  981 2.00 
  97  213  614  981 1.71 
  97  213  678  896 1.43 
  97  213  678  981 1.71 
  97  213  743  896 1.43 
  97  213  743  981 2.00 
  97  299  678  981 1.71 
  97  299  743  981 1.86 
 161   43  614  981 3.14 
 161   43  678  811 2.00 
 161   43  678  896 1.43 
 161   43  678  981 4.14 
 161   43  743  725 1.71 
 161   43  743  811 1.86 
 161   43  743  896 1.29 
 161   43  743  981 3.71 
 161  128  678  896 1.43 
 161  128  678  981 2.00 
 161  128  743  811 1.57 
 161  128  743  896 1.43 
 161  128  743  981 2.14 
 161  213  678  981 1.86 
 161  213  743  896 1.43 
 161  213  743  981 2.00 
 161  299  743  981 1.86 
 226   43  678  981 1.71 
 226   43  743  811 1.71 
 226   43  743  896 1.43 
 226   43  743  981 1.71 
 226  128  743  896 1.43 
 226  128  743  981 1.57 
 226  213  743  981 1.43 
