  35   43  592  811 3.00 
  35   43  592  896 2.86 
  35   43  592  981 3.43 
  35   43  662  725 3.00 
  35   43  662  811 3.00 
  35   43  662  896 3.14 
  35   43  662  981 3.57 
  35   43  732  725 3.00 
  35   43  732  811 3.00 
  35   43  732  896 3.14 
  35   43  732  981 3.43 
  35   43  801  725 3.00 
  35   43  801  811 3.00 
  35   43  801  896 3.00 
  35   43  801  981 3.43 
  35  128  592  896 3.57 
  35  128  592  981 3.29 
  35  128  662  811 3.43 
  35  128  662  896 3.86 
  35  128  662  981 3.86 
  35  128  732  811 3.43 
  35  128  732  896 3.71 
  35  128  732  981 3.57 
  35  128  801  725 3.00 
  35  128  801  811 3.29 
  35  128  801  896 3.43 
  35  128  801  981 3.43 
  35  213  592  981 2.86 
  35  213  662  896 3.43 
  35  213  662  981 2.86 
  35  213  732  896 2.86 
  35  213  732  981 2.86 
  35  213  801  811 3.14 
  35  213  801  896 3.14 
  35  213  801  981 3.00 
  35  299  662  981 2.14 
  35  299  732  981 1.86 
  35  299  801  896 2.00 
  35  299  801  981 2.14 
 105   43  592  981 3.57 
 105   43  662  811 3.00 
 105   43  662  896 3.14 
 105   43  662  981 3.71 
 105   43  732  725 3.00 
 105   43  732  811 3.00 
 105   43  732  896 3.00 
 105   43  732  981 3.43 
 105   43  801  725 3.00 
 105   43  801  811 3.00 
 105   43  801  896 3.00 
 105   43  801  981 3.57 
 105  128  662  896 4.14 
 105  128  662  981 3.71 
 105  128  732  811 3.43 
 105  128  732  896 3.43 
 105  128  732  981 3.57 
 105  128  801  811 3.43 
 105  128  801  896 3.43 
 105  128  801  981 3.71 
 105  213  662  981 2.86 
 105  213  732  896 3.14 
 105  213  732  981 2.86 
 105  213  801  896 3.00 
 105  213  801  981 2.86 
 105  299  732  981 2.00 
 105  299  801  981 1.86 
 174   43  662  981 3.57 
 174   43  732  811 3.00 
 174   43  732  896 3.00 
 174   43  732  981 3.29 
 174   43  801  725 3.00 
 174   43  801  811 3.00 
 174   43  801  896 3.00 
 174   43  801  981 3.29 
 174  128  732  896 3.57 
 174  128  732  981 3.29 
 174  128  801  811 3.43 
 174  128  801  896 3.86 
 174  128  801  981 3.57 
 174  213  732  981 2.86 
 174  213  801  896 3.29 
 174  213  801  981 2.86 
 174  299  801  981 2.00 
 244   43  732  981 4.14 
 244   43  801  811 3.00 
 244   43  801  896 3.14 
 244   43  801  981 3.86 
 244  128  801  896 4.00 
 244  128  801  981 4.14 
 244  213  801  981 2.86 
