  28   42  469  792 4.00 
  28   42  469  875 3.29 
  28   42  469  958 3.00 
  28   42  524  708 3.57 
  28   42  524  792 4.14 
  28   42  524  875 3.43 
  28   42  524  958 3.00 
  28   42  579  708 3.29 
  28   42  579  792 3.71 
  28   42  579  875 3.29 
  28   42  579  958 3.00 
  28   42  634  708 3.14 
  28   42  634  792 3.57 
  28   42  634  875 3.00 
  28   42  634  958 3.00 
  28  125  469  875 3.00 
  28  125  469  958 3.14 
  28  125  524  792 3.57 
  28  125  524  875 3.00 
  28  125  524  958 3.00 
  28  125  579  792 3.43 
  28  125  579  875 3.00 
  28  125  579  958 3.00 
  28  125  634  708 3.43 
  28  125  634  792 3.29 
  28  125  634  875 3.00 
  28  125  634  958 3.00 
  28  208  469  958 3.00 
  28  208  524  875 3.00 
  28  208  524  958 3.00 
  28  208  579  875 3.00 
  28  208  579  958 3.00 
  28  208  634  792 3.00 
  28  208  634  875 3.00 
  28  208  634  958 3.00 
  28  292  524  958 3.71 
  28  292  579  958 3.43 
  28  292  634  875 3.14 
  28  292  634  958 3.57 
  83   42  469  958 -2.00 
  83   42  524  792 2.43 
  83   42  524  875 2.57 
  83   42  524  958 2.29 
  83   42  579  708 2.57 
  83   42  579  792 2.43 
  83   42  579  875 2.43 
  83   42  579  958 2.43 
  83   42  634  708 2.57 
  83   42  634  792 2.43 
  83   42  634  875 2.43 
  83   42  634  958 2.43 
  83  125  524  875 2.57 
  83  125  524  958 2.43 
  83  125  579  792 2.57 
  83  125  579  875 2.57 
  83  125  579  958 2.43 
  83  125  634  792 2.43 
  83  125  634  875 2.43 
  83  125  634  958 2.43 
  83  208  524  958 2.57 
  83  208  579  875 2.57 
  83  208  579  958 2.57 
  83  208  634  875 2.57 
  83  208  634  958 2.43 
  83  292  579  958 2.57 
  83  292  634  958 2.43 
 138   42  524  958 -2.00 
 138   42  579  792 1.29 
 138   42  579  875 1.43 
 138   42  579  958 1.43 
 138   42  634  708 1.57 
 138   42  634  792 1.29 
 138   42  634  875 1.29 
 138   42  634  958 1.43 
 138  125  579  875 1.29 
 138  125  579  958 1.29 
 138  125  634  792 1.57 
 138  125  634  875 1.43 
 138  125  634  958 1.43 
 138  208  579  958 1.29 
 138  208  634  875 1.57 
 138  208  634  958 1.43 
 138  292  634  958 1.57 
 193   42  579  958 -2.00 
 193   42  634  792 1.00 
 193   42  634  875 1.14 
 193   42  634  958 1.00 
 193  125  634  875 1.00 
 193  125  634  958 1.00 
 193  208  634  958 1.14 
