  28   43  483  811 3.29 
  28   43  483  896 3.43 
  28   43  483  981 3.57 
  28   43  540  725 3.29 
  28   43  540  811 3.43 
  28   43  540  896 3.43 
  28   43  540  981 3.43 
  28   43  597  725 2.86 
  28   43  597  811 2.57 
  28   43  597  896 2.57 
  28   43  597  981 2.57 
  28   43  654  725 2.29 
  28   43  654  811 2.43 
  28   43  654  896 2.29 
  28   43  654  981 2.29 
  28  128  483  896 3.43 
  28  128  483  981 3.43 
  28  128  540  811 3.43 
  28  128  540  896 3.43 
  28  128  540  981 3.43 
  28  128  597  811 2.57 
  28  128  597  896 2.57 
  28  128  597  981 2.57 
  28  128  654  725 2.29 
  28  128  654  811 2.29 
  28  128  654  896 2.29 
  28  128  654  981 2.29 
  28  213  483  981 3.43 
  28  213  540  896 3.29 
  28  213  540  981 3.43 
  28  213  597  896 2.57 
  28  213  597  981 2.57 
  28  213  654  811 2.29 
  28  213  654  896 2.29 
  28  213  654  981 2.14 
  28  299  540  981 3.29 
  28  299  597  981 2.57 
  28  299  654  896 2.29 
  28  299  654  981 2.14 
  85   43  483  981 -2.00 
  85   43  540  811 3.71 
  85   43  540  896 3.86 
  85   43  540  981 4.00 
  85   43  597  725 2.57 
  85   43  597  811 2.57 
  85   43  597  896 2.57 
  85   43  597  981 2.57 
  85   43  654  725 2.29 
  85   43  654  811 2.14 
  85   43  654  896 2.14 
  85   43  654  981 2.14 
  85  128  540  896 3.71 
  85  128  540  981 3.86 
  85  128  597  811 2.57 
  85  128  597  896 2.57 
  85  128  597  981 2.57 
  85  128  654  811 2.14 
  85  128  654  896 2.14 
  85  128  654  981 2.14 
  85  213  540  981 3.71 
  85  213  597  896 2.57 
  85  213  597  981 2.57 
  85  213  654  896 2.14 
  85  213  654  981 2.14 
  85  299  597  981 2.57 
  85  299  654  981 2.14 
 142   43  540  981 -2.00 
 142   43  597  811 2.57 
 142   43  597  896 2.71 
 142   43  597  981 2.71 
 142   43  654  725 2.00 
 142   43  654  811 2.00 
 142   43  654  896 2.00 
 142   43  654  981 2.00 
 142  128  597  896 2.57 
 142  128  597  981 2.57 
 142  128  654  811 2.00 
 142  128  654  896 2.00 
 142  128  654  981 2.00 
 142  213  597  981 2.57 
 142  213  654  896 2.00 
 142  213  654  981 2.00 
 142  299  654  981 2.00 
 199   43  597  981 -2.00 
 199   43  654  811 2.00 
 199   43  654  896 2.14 
 199   43  654  981 2.14 
 199  128  654  896 2.00 
 199  128  654  981 2.14 
 199  213  654  981 2.00 
