  27   42  460  792 2.00 
  27   42  460  875 2.71 
  27   42  460  958 2.71 
  27   42  514  708 1.71 
  27   42  514  792 2.14 
  27   42  514  875 3.00 
  27   42  514  958 3.29 
  27   42  568  708 1.71 
  27   42  568  792 2.00 
  27   42  568  875 3.00 
  27   42  568  958 3.86 
  27   42  622  708 1.71 
  27   42  622  792 2.00 
  27   42  622  875 3.00 
  27   42  622  958 3.43 
  27  125  460  875 2.57 
  27  125  460  958 2.71 
  27  125  514  792 2.00 
  27  125  514  875 3.00 
  27  125  514  958 3.43 
  27  125  568  792 2.14 
  27  125  568  875 3.14 
  27  125  568  958 4.29 
  27  125  622  708 1.71 
  27  125  622  792 2.00 
  27  125  622  875 3.29 
  27  125  622  958 4.00 
  27  208  460  958 2.57 
  27  208  514  875 3.00 
  27  208  514  958 3.43 
  27  208  568  875 3.29 
  27  208  568  958 4.00 
  27  208  622  792 2.00 
  27  208  622  875 3.29 
  27  208  622  958 3.86 
  27  292  514  958 3.14 
  27  292  568  958 3.71 
  27  292  622  875 3.14 
  27  292  622  958 3.86 
  81   42  460  958 -2.00 
  81   42  514  792 2.14 
  81   42  514  875 3.29 
  81   42  514  958 3.57 
  81   42  568  708 1.71 
  81   42  568  792 2.00 
  81   42  568  875 3.00 
  81   42  568  958 3.57 
  81   42  622  708 1.71 
  81   42  622  792 2.14 
  81   42  622  875 3.00 
  81   42  622  958 3.43 
  81  125  514  875 3.00 
  81  125  514  958 3.57 
  81  125  568  792 2.00 
  81  125  568  875 3.14 
  81  125  568  958 4.14 
  81  125  622  792 2.00 
  81  125  622  875 3.00 
  81  125  622  958 3.57 
  81  208  514  958 3.29 
  81  208  568  875 3.29 
  81  208  568  958 4.00 
  81  208  622  875 3.14 
  81  208  622  958 3.29 
  81  292  568  958 3.86 
  81  292  622  958 3.57 
 135   42  514  958 -2.00 
 135   42  568  792 2.00 
 135   42  568  875 3.00 
 135   42  568  958 3.57 
 135   42  622  708 1.71 
 135   42  622  792 2.00 
 135   42  622  875 3.00 
 135   42  622  958 3.14 
 135  125  568  875 2.86 
 135  125  568  958 3.57 
 135  125  622  792 2.00 
 135  125  622  875 3.00 
 135  125  622  958 3.00 
 135  208  568  958 3.71 
 135  208  622  875 3.00 
 135  208  622  958 3.29 
 135  292  622  958 3.14 
 189   42  568  958 -2.00 
 189   42  622  792 2.00 
 189   42  622  875 3.00 
 189   42  622  958 3.00 
 189  125  622  875 3.00 
 189  125  622  958 3.00 
 189  208  622  958 3.00 
