  24   43  412  811 2.29 
  24   43  412  896 2.57 
  24   43  412  981 -2.00 
  24   43  461  725 1.71 
  24   43  461  811 2.57 
  24   43  461  896 2.86 
  24   43  461  981 1.71 
  24   43  509  725 1.57 
  24   43  509  811 2.86 
  24   43  509  896 3.00 
  24   43  509  981 4.14 
  24   43  558  725 1.57 
  24   43  558  811 3.00 
  24   43  558  896 3.00 
  24   43  558  981 4.00 
  24  128  412  896 2.71 
  24  128  412  981 2.71 
  24  128  461  811 2.86 
  24  128  461  896 2.43 
  24  128  461  981 2.29 
  24  128  509  811 2.86 
  24  128  509  896 3.14 
  24  128  509  981 4.43 
  24  128  558  725 1.57 
  24  128  558  811 3.00 
  24  128  558  896 3.43 
  24  128  558  981 4.29 
  24  213  412  981 2.71 
  24  213  461  896 2.57 
  24  213  461  981 3.14 
  24  213  509  896 4.00 
  24  213  509  981 3.43 
  24  213  558  811 3.00 
  24  213  558  896 4.00 
  24  213  558  981 3.86 
  24  299  461  981 3.29 
  24  299  509  981 3.14 
  24  299  558  896 4.29 
  24  299  558  981 3.14 
  73   43  412  981 -2.00 
  73   43  461  811 2.86 
  73   43  461  896 2.29 
  73   43  461  981 -2.00 
  73   43  509  725 1.57 
  73   43  509  811 2.86 
  73   43  509  896 3.00 
  73   43  509  981 4.29 
  73   43  558  725 1.57 
  73   43  558  811 2.86 
  73   43  558  896 3.00 
  73   43  558  981 3.71 
  73  128  461  896 3.29 
  73  128  461  981 2.00 
  73  128  509  811 2.86 
  73  128  509  896 3.29 
  73  128  509  981 4.57 
  73  128  558  811 3.00 
  73  128  558  896 3.14 
  73  128  558  981 3.86 
  73  213  461  981 2.57 
  73  213  509  896 3.86 
  73  213  509  981 3.43 
  73  213  558  896 3.57 
  73  213  558  981 3.71 
  73  299  509  981 3.14 
  73  299  558  981 3.14 
 121   43  461  981 -2.00 
 121   43  509  811 2.86 
 121   43  509  896 3.00 
 121   43  509  981 -2.00 
 121   43  558  725 1.57 
 121   43  558  811 2.86 
 121   43  558  896 3.00 
 121   43  558  981 3.71 
 121  128  509  896 3.43 
 121  128  509  981 4.00 
 121  128  558  811 3.00 
 121  128  558  896 3.00 
 121  128  558  981 3.71 
 121  213  509  981 3.71 
 121  213  558  896 3.43 
 121  213  558  981 3.14 
 121  299  558  981 3.14 
 170   43  509  981 -2.00 
 170   43  558  811 2.86 
 170   43  558  896 3.14 
 170   43  558  981 -2.00 
 170  128  558  896 3.86 
 170  128  558  981 4.57 
 170  213  558  981 3.43 
