  36   43  607  811 1.71 
  36   43  607  896 2.86 
  36   43  607  981 2.14 
  36   43  678  725 1.86 
  36   43  678  811 2.86 
  36   43  678  896 4.43 
  36   43  678  981 4.43 
  36   43  750  725 1.86 
  36   43  750  811 3.00 
  36   43  750  896 4.29 
  36   43  750  981 4.43 
  36   43  821  725 1.71 
  36   43  821  811 2.86 
  36   43  821  896 4.43 
  36   43  821  981 4.57 
  36  128  607  896 2.43 
  36  128  607  981 2.57 
  36  128  678  811 3.14 
  36  128  678  896 4.14 
  36  128  678  981 4.29 
  36  128  750  811 3.14 
  36  128  750  896 4.29 
  36  128  750  981 4.43 
  36  128  821  725 2.14 
  36  128  821  811 3.14 
  36  128  821  896 4.71 
  36  128  821  981 4.29 
  36  213  607  981 2.43 
  36  213  678  896 4.00 
  36  213  678  981 3.29 
  36  213  750  896 4.43 
  36  213  750  981 3.71 
  36  213  821  811 3.29 
  36  213  821  896 4.71 
  36  213  821  981 4.00 
  36  299  678  981 3.00 
  36  299  750  981 3.86 
  36  299  821  896 4.29 
  36  299  821  981 3.57 
 107   43  607  981 1.29 
 107   43  678  811 1.57 
 107   43  678  896 2.00 
 107   43  678  981 1.86 
 107   43  750  725 2.00 
 107   43  750  811 2.14 
 107   43  750  896 2.14 
 107   43  750  981 1.86 
 107   43  821  725 1.86 
 107   43  821  811 1.86 
 107   43  821  896 2.29 
 107   43  821  981 2.57 
 107  128  678  896 1.86 
 107  128  678  981 2.00 
 107  128  750  811 2.00 
 107  128  750  896 2.14 
 107  128  750  981 2.14 
 107  128  821  811 2.00 
 107  128  821  896 2.29 
 107  128  821  981 2.29 
 107  213  678  981 1.57 
 107  213  750  896 2.00 
 107  213  750  981 2.29 
 107  213  821  896 2.14 
 107  213  821  981 2.14 
 107  299  750  981 2.14 
 107  299  821  981 2.00 
 179   43  678  981 1.43 
 179   43  750  811 1.57 
 179   43  750  896 1.57 
 179   43  750  981 1.57 
 179   43  821  725 1.43 
 179   43  821  811 1.71 
 179   43  821  896 2.00 
 179   43  821  981 1.71 
 179  128  750  896 1.71 
 179  128  750  981 1.86 
 179  128  821  811 1.86 
 179  128  821  896 2.00 
 179  128  821  981 1.86 
 179  213  750  981 1.71 
 179  213  821  896 1.86 
 179  213  821  981 2.00 
 179  299  821  981 1.57 
 250   43  750  981 1.71 
 250   43  821  811 1.86 
 250   43  821  896 1.86 
 250   43  821  981 1.71 
 250  128  821  896 2.00 
 250  128  821  981 1.71 
 250  213  821  981 1.71 
