  29   43  487  811 3.00 
  29   43  487  896 2.86 
  29   43  487  981 3.00 
  29   43  545  725 3.00 
  29   43  545  811 3.00 
  29   43  545  896 3.00 
  29   43  545  981 3.14 
  29   43  602  725 3.00 
  29   43  602  811 3.00 
  29   43  602  896 3.00 
  29   43  602  981 3.29 
  29   43  659  725 3.00 
  29   43  659  811 3.00 
  29   43  659  896 3.14 
  29   43  659  981 3.29 
  29  128  487  896 3.29 
  29  128  487  981 3.43 
  29  128  545  811 3.14 
  29  128  545  896 3.57 
  29  128  545  981 4.14 
  29  128  602  811 3.29 
  29  128  602  896 3.29 
  29  128  602  981 3.86 
  29  128  659  725 3.00 
  29  128  659  811 3.29 
  29  128  659  896 3.71 
  29  128  659  981 3.86 
  29  213  487  981 3.00 
  29  213  545  896 3.86 
  29  213  545  981 3.14 
  29  213  602  896 3.71 
  29  213  602  981 3.14 
  29  213  659  811 3.86 
  29  213  659  896 3.86 
  29  213  659  981 3.29 
  29  299  545  981 2.29 
  29  299  602  981 2.29 
  29  299  659  896 2.29 
  29  299  659  981 2.29 
  86   43  487  981 -2.00 
  86   43  545  811 3.00 
  86   43  545  896 3.14 
  86   43  545  981 3.71 
  86   43  602  725 3.00 
  86   43  602  811 3.00 
  86   43  602  896 3.29 
  86   43  602  981 3.43 
  86   43  659  725 3.00 
  86   43  659  811 3.00 
  86   43  659  896 3.00 
  86   43  659  981 3.29 
  86  128  545  896 3.57 
  86  128  545  981 4.14 
  86  128  602  811 3.14 
  86  128  602  896 3.43 
  86  128  602  981 3.71 
  86  128  659  811 3.29 
  86  128  659  896 3.57 
  86  128  659  981 3.71 
  86  213  545  981 3.14 
  86  213  602  896 3.57 
  86  213  602  981 3.00 
  86  213  659  896 3.43 
  86  213  659  981 3.00 
  86  299  602  981 2.29 
  86  299  659  981 2.29 
 143   43  545  981 -2.00 
 143   43  602  811 3.00 
 143   43  602  896 3.00 
 143   43  602  981 3.71 
 143   43  659  725 3.00 
 143   43  659  811 3.00 
 143   43  659  896 3.00 
 143   43  659  981 3.43 
 143  128  602  896 3.43 
 143  128  602  981 3.57 
 143  128  659  811 3.14 
 143  128  659  896 3.29 
 143  128  659  981 3.43 
 143  213  602  981 3.00 
 143  213  659  896 3.43 
 143  213  659  981 3.00 
 143  299  659  981 2.29 
 201   43  602  981 -2.00 
 201   43  659  811 2.29 
 201   43  659  896 2.14 
 201   43  659  981 2.29 
 201  128  659  896 2.29 
 201  128  659  981 2.14 
 201  213  659  981 2.29 
