  29   43  492  811 1.57 
  29   43  492  896 1.71 
  29   43  492  981 1.57 
  29   43  550  725 1.29 
  29   43  550  811 2.86 
  29   43  550  896 2.86 
  29   43  550  981 2.86 
  29   43  608  725 2.57 
  29   43  608  811 3.29 
  29   43  608  896 3.00 
  29   43  608  981 3.29 
  29   43  666  725 2.57 
  29   43  666  811 3.29 
  29   43  666  896 4.29 
  29   43  666  981 3.29 
  29  128  492  896 1.57 
  29  128  492  981 1.71 
  29  128  550  811 3.00 
  29  128  550  896 2.86 
  29  128  550  981 2.71 
  29  128  608  811 3.00 
  29  128  608  896 3.00 
  29  128  608  981 3.00 
  29  128  666  725 2.57 
  29  128  666  811 3.86 
  29  128  666  896 3.43 
  29  128  666  981 3.00 
  29  213  492  981 1.57 
  29  213  550  896 2.71 
  29  213  550  981 2.71 
  29  213  608  896 3.14 
  29  213  608  981 3.00 
  29  213  666  811 4.14 
  29  213  666  896 3.14 
  29  213  666  981 3.00 
  29  299  550  981 2.71 
  29  299  608  981 3.00 
  29  299  666  896 3.00 
  29  299  666  981 3.00 
  87   43  492  981 -2.00 
  87   43  550  811 2.86 
  87   43  550  896 2.57 
  87   43  550  981 3.14 
  87   43  608  725 2.71 
  87   43  608  811 3.29 
  87   43  608  896 3.00 
  87   43  608  981 3.43 
  87   43  666  725 2.57 
  87   43  666  811 3.14 
  87   43  666  896 4.29 
  87   43  666  981 3.29 
  87  128  550  896 3.14 
  87  128  550  981 2.71 
  87  128  608  811 3.00 
  87  128  608  896 3.29 
  87  128  608  981 3.00 
  87  128  666  811 3.86 
  87  128  666  896 3.57 
  87  128  666  981 3.00 
  87  213  550  981 2.71 
  87  213  608  896 3.14 
  87  213  608  981 3.00 
  87  213  666  896 3.14 
  87  213  666  981 3.00 
  87  299  608  981 3.00 
  87  299  666  981 3.00 
 145   43  550  981 -2.00 
 145   43  608  811 3.43 
 145   43  608  896 3.29 
 145   43  608  981 3.43 
 145   43  666  725 2.71 
 145   43  666  811 3.29 
 145   43  666  896 4.14 
 145   43  666  981 3.43 
 145  128  608  896 3.43 
 145  128  608  981 3.00 
 145  128  666  811 4.00 
 145  128  666  896 3.29 
 145  128  666  981 3.00 
 145  213  608  981 2.86 
 145  213  666  896 3.29 
 145  213  666  981 3.00 
 145  299  666  981 3.00 
 203   43  608  981 -2.00 
 203   43  666  811 3.43 
 203   43  666  896 4.29 
 203   43  666  981 3.43 
 203  128  666  896 3.57 
 203  128  666  981 3.00 
 203  213  666  981 3.00 
