  30   43  505  811 2.86 
  30   43  505  896 3.29 
  30   43  505  981 4.57 
  30   43  564  725 1.86 
  30   43  564  811 3.00 
  30   43  564  896 3.71 
  30   43  564  981 3.71 
  30   43  624  725 1.71 
  30   43  624  811 3.00 
  30   43  624  896 3.43 
  30   43  624  981 3.57 
  30   43  683  725 1.71 
  30   43  683  811 3.00 
  30   43  683  896 3.29 
  30   43  683  981 3.43 
  30  128  505  896 3.57 
  30  128  505  981 4.43 
  30  128  564  811 3.00 
  30  128  564  896 3.57 
  30  128  564  981 4.29 
  30  128  624  811 3.00 
  30  128  624  896 3.14 
  30  128  624  981 3.43 
  30  128  683  725 1.71 
  30  128  683  811 3.00 
  30  128  683  896 3.14 
  30  128  683  981 3.71 
  30  213  505  981 3.57 
  30  213  564  896 3.14 
  30  213  564  981 3.71 
  30  213  624  896 3.14 
  30  213  624  981 3.14 
  30  213  683  811 3.00 
  30  213  683  896 3.14 
  30  213  683  981 3.14 
  30  299  564  981 3.00 
  30  299  624  981 3.00 
  30  299  683  896 3.14 
  30  299  683  981 3.00 
  89   43  505  981 -2.00 
  89   43  564  811 2.86 
  89   43  564  896 3.57 
  89   43  564  981 3.29 
  89   43  624  725 1.71 
  89   43  624  811 3.00 
  89   43  624  896 3.14 
  89   43  624  981 3.43 
  89   43  683  725 1.71 
  89   43  683  811 3.00 
  89   43  683  896 3.14 
  89   43  683  981 3.71 
  89  128  564  896 3.14 
  89  128  564  981 3.14 
  89  128  624  811 3.00 
  89  128  624  896 3.14 
  89  128  624  981 3.57 
  89  128  683  811 3.00 
  89  128  683  896 3.29 
  89  128  683  981 3.43 
  89  213  564  981 3.14 
  89  213  624  896 3.57 
  89  213  624  981 3.29 
  89  213  683  896 3.00 
  89  213  683  981 3.00 
  89  299  624  981 3.14 
  89  299  683  981 3.00 
 149   43  564  981 -2.00 
 149   43  624  811 2.86 
 149   43  624  896 3.14 
 149   43  624  981 3.00 
 149   43  683  725 1.71 
 149   43  683  811 3.00 
 149   43  683  896 3.29 
 149   43  683  981 3.00 
 149  128  624  896 3.43 
 149  128  624  981 3.00 
 149  128  683  811 3.00 
 149  128  683  896 3.00 
 149  128  683  981 3.00 
 149  213  624  981 3.00 
 149  213  683  896 3.00 
 149  213  683  981 3.14 
 149  299  683  981 3.14 
 208   43  624  981 -2.00 
 208   43  683  811 2.86 
 208   43  683  896 2.86 
 208   43  683  981 2.71 
 208  128  683  896 3.00 
 208  128  683  981 2.14 
 208  213  683  981 3.00 
