  32   43  536  811 1.43 
  32   43  536  896 1.14 
  32   43  536  981 1.14 
  32   43  599  725 2.00 
  32   43  599  811 2.14 
  32   43  599  896 2.14 
  32   43  599  981 2.14 
  32   43  662  725 3.14 
  32   43  662  811 3.43 
  32   43  662  896 3.14 
  32   43  662  981 3.29 
  32   43  725  725 3.86 
  32   43  725  811 4.29 
  32   43  725  896 3.86 
  32   43  725  981 3.86 
  32  128  536  896 1.29 
  32  128  536  981 1.14 
  32  128  599  811 2.00 
  32  128  599  896 2.00 
  32  128  599  981 2.00 
  32  128  662  811 3.14 
  32  128  662  896 3.29 
  32  128  662  981 3.14 
  32  128  725  725 4.29 
  32  128  725  811 4.14 
  32  128  725  896 3.57 
  32  128  725  981 3.14 
  32  213  536  981 1.29 
  32  213  599  896 2.00 
  32  213  599  981 2.00 
  32  213  662  896 2.86 
  32  213  662  981 3.14 
  32  213  725  811 3.71 
  32  213  725  896 3.14 
  32  213  725  981 3.43 
  32  299  599  981 2.00 
  32  299  662  981 3.00 
  32  299  725  896 3.57 
  32  299  725  981 3.57 
  95   43  536  981 1.29 
  95   43  599  811 2.14 
  95   43  599  896 2.00 
  95   43  599  981 2.00 
  95   43  662  725 3.57 
  95   43  662  811 3.57 
  95   43  662  896 3.29 
  95   43  662  981 3.43 
  95   43  725  725 3.86 
  95   43  725  811 4.43 
  95   43  725  896 4.14 
  95   43  725  981 3.57 
  95  128  599  896 2.14 
  95  128  599  981 2.14 
  95  128  662  811 3.14 
  95  128  662  896 3.14 
  95  128  662  981 3.29 
  95  128  725  811 4.00 
  95  128  725  896 3.86 
  95  128  725  981 3.29 
  95  213  599  981 2.14 
  95  213  662  896 3.14 
  95  213  662  981 3.29 
  95  213  725  896 3.29 
  95  213  725  981 3.43 
  95  299  662  981 3.29 
  95  299  725  981 3.57 
 158   43  599  981 2.14 
 158   43  662  811 3.86 
 158   43  662  896 4.14 
 158   43  662  981 3.71 
 158   43  725  725 3.86 
 158   43  725  811 4.29 
 158   43  725  896 4.00 
 158   43  725  981 4.14 
 158  128  662  896 3.29 
 158  128  662  981 3.14 
 158  128  725  811 4.29 
 158  128  725  896 3.57 
 158  128  725  981 3.14 
 158  213  662  981 3.14 
 158  213  725  896 3.57 
 158  213  725  981 3.71 
 158  299  725  981 3.71 
 221   43  662  981 3.71 
 221   43  725  811 4.29 
 221   43  725  896 4.14 
 221   43  725  981 3.71 
 221  128  725  896 3.71 
 221  128  725  981 3.57 
 221  213  725  981 3.57 
