  31   43  533  811 4.14 
  31   43  533  896 4.43 
  31   43  533  981 4.14 
  31   43  595  725 2.57 
  31   43  595  811 4.43 
  31   43  595  896 4.57 
  31   43  595  981 4.00 
  31   43  658  725 2.57 
  31   43  658  811 4.14 
  31   43  658  896 4.29 
  31   43  658  981 3.57 
  31   43  721  725 2.57 
  31   43  721  811 3.86 
  31   43  721  896 4.00 
  31   43  721  981 3.29 
  31  128  533  896 3.86 
  31  128  533  981 3.29 
  31  128  595  811 4.43 
  31  128  595  896 4.00 
  31  128  595  981 3.43 
  31  128  658  811 4.14 
  31  128  658  896 3.71 
  31  128  658  981 3.14 
  31  128  721  725 3.14 
  31  128  721  811 4.14 
  31  128  721  896 3.71 
  31  128  721  981 3.29 
  31  213  533  981 3.29 
  31  213  595  896 3.43 
  31  213  595  981 3.14 
  31  213  658  896 3.29 
  31  213  658  981 3.00 
  31  213  721  811 3.71 
  31  213  721  896 3.14 
  31  213  721  981 2.86 
  31  299  595  981 2.86 
  31  299  658  981 3.14 
  31  299  721  896 3.29 
  31  299  721  981 3.00 
  94   43  533  981 3.86 
  94   43  595  811 3.43 
  94   43  595  896 4.00 
  94   43  595  981 3.86 
  94   43  658  725 2.71 
  94   43  658  811 3.43 
  94   43  658  896 3.71 
  94   43  658  981 3.29 
  94   43  721  725 2.57 
  94   43  721  811 3.14 
  94   43  721  896 3.71 
  94   43  721  981 3.71 
  94  128  595  896 3.71 
  94  128  595  981 3.29 
  94  128  658  811 3.86 
  94  128  658  896 3.43 
  94  128  658  981 3.00 
  94  128  721  811 3.43 
  94  128  721  896 3.00 
  94  128  721  981 3.00 
  94  213  595  981 3.14 
  94  213  658  896 3.14 
  94  213  658  981 3.00 
  94  213  721  896 3.00 
  94  213  721  981 3.00 
  94  299  658  981 3.00 
  94  299  721  981 3.00 
 157   43  595  981 3.57 
 157   43  658  811 3.00 
 157   43  658  896 3.57 
 157   43  658  981 3.29 
 157   43  721  725 2.43 
 157   43  721  811 3.00 
 157   43  721  896 3.29 
 157   43  721  981 3.14 
 157  128  658  896 3.14 
 157  128  658  981 3.14 
 157  128  721  811 3.43 
 157  128  721  896 3.14 
 157  128  721  981 3.14 
 157  213  658  981 3.00 
 157  213  721  896 3.00 
 157  213  721  981 2.86 
 157  299  721  981 3.00 
 219   43  658  981 2.29 
 219   43  721  811 2.29 
 219   43  721  896 2.57 
 219   43  721  981 2.29 
 219  128  721  896 2.43 
 219  128  721  981 2.71 
 219  213  721  981 2.57 
