  26   43  436  811 1.71 
  26   43  436  896 1.43 
  26   43  436  981 -2.00 
  26   43  487  725 2.14 
  26   43  487  811 2.14 
  26   43  487  896 2.57 
  26   43  487  981 2.29 
  26   43  538  725 3.00 
  26   43  538  811 2.86 
  26   43  538  896 3.14 
  26   43  538  981 3.00 
  26   43  589  725 4.29 
  26   43  589  811 4.57 
  26   43  589  896 4.43 
  26   43  589  981 3.86 
  26  128  436  896 1.71 
  26  128  436  981 1.43 
  26  128  487  811 1.86 
  26  128  487  896 2.00 
  26  128  487  981 1.86 
  26  128  538  811 2.57 
  26  128  538  896 2.71 
  26  128  538  981 2.43 
  26  128  589  725 4.00 
  26  128  589  811 3.29 
  26  128  589  896 3.14 
  26  128  589  981 2.71 
  26  213  436  981 1.00 
  26  213  487  896 1.43 
  26  213  487  981 1.29 
  26  213  538  896 1.57 
  26  213  538  981 1.43 
  26  213  589  811 1.86 
  26  213  589  896 1.71 
  26  213  589  981 1.86 
  26  299  487  981 2.29 
  26  299  538  981 2.29 
  26  299  589  896 2.71 
  26  299  589  981 2.43 
  77   43  436  981 -2.00 
  77   43  487  811 2.57 
  77   43  487  896 2.43 
  77   43  487  981 -2.00 
  77   43  538  725 3.14 
  77   43  538  811 3.14 
  77   43  538  896 3.00 
  77   43  538  981 3.00 
  77   43  589  725 4.43 
  77   43  589  811 4.29 
  77   43  589  896 4.29 
  77   43  589  981 3.86 
  77  128  487  896 2.71 
  77  128  487  981 2.29 
  77  128  538  811 2.57 
  77  128  538  896 2.43 
  77  128  538  981 2.43 
  77  128  589  811 3.57 
  77  128  589  896 3.14 
  77  128  589  981 3.00 
  77  213  487  981 1.57 
  77  213  538  896 1.86 
  77  213  538  981 1.57 
  77  213  589  896 1.71 
  77  213  589  981 1.57 
  77  299  538  981 2.57 
  77  299  589  981 2.71 
 128   43  487  981 -2.00 
 128   43  538  811 3.14 
 128   43  538  896 3.57 
 128   43  538  981 -2.00 
 128   43  589  725 4.57 
 128   43  589  811 4.29 
 128   43  589  896 4.00 
 128   43  589  981 3.86 
 128  128  538  896 2.57 
 128  128  538  981 2.57 
 128  128  589  811 3.29 
 128  128  589  896 3.14 
 128  128  589  981 2.86 
 128  213  538  981 1.57 
 128  213  589  896 1.71 
 128  213  589  981 1.57 
 128  299  589  981 2.14 
 179   43  538  981 -2.00 
 179   43  589  811 4.29 
 179   43  589  896 3.57 
 179   43  589  981 -2.00 
 179  128  589  896 3.57 
 179  128  589  981 2.86 
 179  213  589  981 1.57 
