  24   43  410  811 1.14 
  24   43  410  896 -2.00 
  24   43  410  981 -2.00 
  24   43  458  725 1.71 
  24   43  458  811 1.57 
  24   43  458  896 2.14 
  24   43  458  981 1.86 
  24   43  507  725 2.43 
  24   43  507  811 2.14 
  24   43  507  896 2.57 
  24   43  507  981 3.29 
  24   43  555  725 2.00 
  24   43  555  811 2.57 
  24   43  555  896 2.71 
  24   43  555  981 3.71 
  24  128  410  896 1.14 
  24  128  410  981 -2.00 
  24  128  458  811 2.00 
  24  128  458  896 1.86 
  24  128  458  981 2.29 
  24  128  507  811 2.43 
  24  128  507  896 2.57 
  24  128  507  981 3.43 
  24  128  555  725 2.57 
  24  128  555  811 2.29 
  24  128  555  896 3.71 
  24  128  555  981 3.86 
  24  213  410  981 1.14 
  24  213  458  896 1.86 
  24  213  458  981 2.29 
  24  213  507  896 3.00 
  24  213  507  981 3.29 
  24  213  555  811 3.00 
  24  213  555  896 3.14 
  24  213  555  981 4.14 
  24  299  458  981 2.14 
  24  299  507  981 3.29 
  24  299  555  896 3.14 
  24  299  555  981 4.00 
  72   43  410  981 -2.00 
  72   43  458  811 1.86 
  72   43  458  896 -2.00 
  72   43  458  981 -2.00 
  72   43  507  725 2.14 
  72   43  507  811 2.00 
  72   43  507  896 2.71 
  72   43  507  981 3.14 
  72   43  555  725 2.14 
  72   43  555  811 2.14 
  72   43  555  896 2.86 
  72   43  555  981 3.71 
  72  128  458  896 2.00 
  72  128  458  981 -2.00 
  72  128  507  811 2.43 
  72  128  507  896 2.71 
  72  128  507  981 3.29 
  72  128  555  811 2.43 
  72  128  555  896 3.00 
  72  128  555  981 4.00 
  72  213  458  981 2.14 
  72  213  507  896 2.86 
  72  213  507  981 3.29 
  72  213  555  896 3.14 
  72  213  555  981 3.86 
  72  299  507  981 3.14 
  72  299  555  981 3.86 
 121   43  458  981 -2.00 
 121   43  507  811 2.29 
 121   43  507  896 -2.00 
 121   43  507  981 -2.00 
 121   43  555  725 2.57 
 121   43  555  811 2.57 
 121   43  555  896 3.14 
 121   43  555  981 3.71 
 121  128  507  896 2.57 
 121  128  507  981 -2.00 
 121  128  555  811 2.71 
 121  128  555  896 2.86 
 121  128  555  981 3.86 
 121  213  507  981 3.14 
 121  213  555  896 3.29 
 121  213  555  981 4.14 
 121  299  555  981 4.14 
 169   43  507  981 -2.00 
 169   43  555  811 2.14 
 169   43  555  896 -2.00 
 169   43  555  981 -2.00 
 169  128  555  896 3.29 
 169  128  555  981 -2.00 
 169  213  555  981 4.29 
