  31   43  531  811 1.14 
  31   43  531  896 2.00 
  31   43  531  981 2.14 
  31   43  594  725 1.14 
  31   43  594  811 1.29 
  31   43  594  896 2.43 
  31   43  594  981 3.29 
  31   43  656  725 1.29 
  31   43  656  811 1.14 
  31   43  656  896 2.43 
  31   43  656  981 4.00 
  31   43  719  725 1.14 
  31   43  719  811 1.43 
  31   43  719  896 2.71 
  31   43  719  981 4.00 
  31  128  531  896 2.00 
  31  128  531  981 2.29 
  31  128  594  811 1.29 
  31  128  594  896 2.29 
  31  128  594  981 3.57 
  31  128  656  811 1.71 
  31  128  656  896 2.43 
  31  128  656  981 4.14 
  31  128  719  725 1.14 
  31  128  719  811 1.29 
  31  128  719  896 3.43 
  31  128  719  981 4.29 
  31  213  531  981 2.29 
  31  213  594  896 2.86 
  31  213  594  981 3.29 
  31  213  656  896 3.29 
  31  213  656  981 3.71 
  31  213  719  811 1.57 
  31  213  719  896 3.43 
  31  213  719  981 4.00 
  31  299  594  981 4.00 
  31  299  656  981 4.29 
  31  299  719  896 3.43 
  31  299  719  981 4.00 
  94   43  531  981 2.43 
  94   43  594  811 1.29 
  94   43  594  896 2.57 
  94   43  594  981 3.57 
  94   43  656  725 1.29 
  94   43  656  811 1.29 
  94   43  656  896 2.71 
  94   43  656  981 4.14 
  94   43  719  725 1.29 
  94   43  719  811 1.43 
  94   43  719  896 2.43 
  94   43  719  981 4.14 
  94  128  594  896 2.86 
  94  128  594  981 4.00 
  94  128  656  811 1.14 
  94  128  656  896 2.86 
  94  128  656  981 4.14 
  94  128  719  811 1.43 
  94  128  719  896 3.00 
  94  128  719  981 4.14 
  94  213  594  981 3.71 
  94  213  656  896 3.29 
  94  213  656  981 3.86 
  94  213  719  896 3.14 
  94  213  719  981 3.86 
  94  299  656  981 4.29 
  94  299  719  981 3.86 
 156   43  594  981 3.71 
 156   43  656  811 1.14 
 156   43  656  896 2.57 
 156   43  656  981 3.71 
 156   43  719  725 1.14 
 156   43  719  811 1.29 
 156   43  719  896 2.57 
 156   43  719  981 4.00 
 156  128  656  896 2.71 
 156  128  656  981 3.86 
 156  128  719  811 1.29 
 156  128  719  896 2.71 
 156  128  719  981 3.86 
 156  213  656  981 3.71 
 156  213  719  896 3.00 
 156  213  719  981 3.43 
 156  299  719  981 4.00 
 219   43  656  981 3.43 
 219   43  719  811 1.57 
 219   43  719  896 2.57 
 219   43  719  981 2.86 
 219  128  719  896 2.71 
 219  128  719  981 3.14 
 219  213  719  981 3.14 
