  27   43  452  811 3.57 
  27   43  452  896 3.86 
  27   43  452  981 -2.00 
  27   43  505  725 2.86 
  27   43  505  811 3.57 
  27   43  505  896 4.29 
  27   43  505  981 3.57 
  27   43  558  725 3.00 
  27   43  558  811 3.57 
  27   43  558  896 4.43 
  27   43  558  981 3.57 
  27   43  611  725 2.86 
  27   43  611  811 3.43 
  27   43  611  896 4.14 
  27   43  611  981 3.29 
  27  128  452  896 3.14 
  27  128  452  981 3.00 
  27  128  505  811 3.71 
  27  128  505  896 3.14 
  27  128  505  981 3.14 
  27  128  558  811 3.71 
  27  128  558  896 3.57 
  27  128  558  981 3.14 
  27  128  611  725 3.29 
  27  128  611  811 3.86 
  27  128  611  896 3.29 
  27  128  611  981 3.14 
  27  213  452  981 3.14 
  27  213  505  896 3.00 
  27  213  505  981 3.00 
  27  213  558  896 3.29 
  27  213  558  981 3.29 
  27  213  611  811 3.00 
  27  213  611  896 3.00 
  27  213  611  981 2.86 
  27  299  505  981 2.71 
  27  299  558  981 2.71 
  27  299  611  896 2.86 
  27  299  611  981 2.71 
  80   43  452  981 -2.00 
  80   43  505  811 3.43 
  80   43  505  896 4.00 
  80   43  505  981 -2.00 
  80   43  558  725 2.71 
  80   43  558  811 3.14 
  80   43  558  896 3.57 
  80   43  558  981 3.14 
  80   43  611  725 2.86 
  80   43  611  811 3.14 
  80   43  611  896 3.14 
  80   43  611  981 3.14 
  80  128  505  896 3.29 
  80  128  505  981 3.14 
  80  128  558  811 3.43 
  80  128  558  896 3.29 
  80  128  558  981 3.14 
  80  128  611  811 3.14 
  80  128  611  896 3.00 
  80  128  611  981 3.00 
  80  213  505  981 3.14 
  80  213  558  896 3.14 
  80  213  558  981 3.00 
  80  213  611  896 3.00 
  80  213  611  981 2.86 
  80  299  558  981 2.86 
  80  299  611  981 2.71 
 133   43  505  981 -2.00 
 133   43  558  811 2.43 
 133   43  558  896 2.71 
 133   43  558  981 -2.00 
 133   43  611  725 2.43 
 133   43  611  811 2.43 
 133   43  611  896 2.57 
 133   43  611  981 2.43 
 133  128  558  896 2.43 
 133  128  558  981 2.43 
 133  128  611  811 2.43 
 133  128  611  896 2.57 
 133  128  611  981 2.43 
 133  213  558  981 2.43 
 133  213  611  896 2.57 
 133  213  611  981 2.57 
 133  299  611  981 2.57 
 186   43  558  981 -2.00 
 186   43  611  811 1.71 
 186   43  611  896 1.71 
 186   43  611  981 -2.00 
 186  128  611  896 1.71 
 186  128  611  981 1.86 
 186  213  611  981 1.71 
