  43   30  725  570 3.43 
  43   30  725  630 3.29 
  43   30  725  690 3.43 
  43   30  811  510 3.29 
  43   30  811  570 3.57 
  43   30  811  630 4.00 
  43   30  811  690 3.71 
  43   30  896  510 3.29 
  43   30  896  570 3.43 
  43   30  896  630 3.29 
  43   30  896  690 3.57 
  43   30  981  510 3.29 
  43   30  981  570 3.14 
  43   30  981  630 3.29 
  43   30  981  690 3.29 
  43   90  725  630 3.43 
  43   90  725  690 3.43 
  43   90  811  570 3.43 
  43   90  811  630 3.57 
  43   90  811  690 3.43 
  43   90  896  570 3.14 
  43   90  896  630 3.29 
  43   90  896  690 3.00 
  43   90  981  510 -2.00 
  43   90  981  570 3.14 
  43   90  981  630 3.14 
  43   90  981  690 3.14 
  43  150  725  690 3.71 
  43  150  811  630 3.43 
  43  150  811  690 3.57 
  43  150  896  630 3.29 
  43  150  896  690 3.14 
  43  150  981  570 -2.00 
  43  150  981  630 3.00 
  43  150  981  690 3.29 
  43  210  811  690 3.57 
  43  210  896  690 3.14 
  43  210  981  630 -2.00 
  43  210  981  690 3.00 
 128   30  725  690 3.71 
 128   30  811  570 3.57 
 128   30  811  630 3.43 
 128   30  811  690 3.71 
 128   30  896  510 3.14 
 128   30  896  570 3.14 
 128   30  896  630 3.14 
 128   30  896  690 3.14 
 128   30  981  510 3.00 
 128   30  981  570 3.14 
 128   30  981  630 3.14 
 128   30  981  690 3.14 
 128   90  811  630 3.43 
 128   90  811  690 3.57 
 128   90  896  570 3.00 
 128   90  896  630 3.00 
 128   90  896  690 3.14 
 128   90  981  570 3.00 
 128   90  981  630 3.00 
 128   90  981  690 3.00 
 128  150  811  690 3.29 
 128  150  896  630 3.14 
 128  150  896  690 3.14 
 128  150  981  630 3.00 
 128  150  981  690 3.00 
 128  210  896  690 3.00 
 128  210  981  690 3.00 
 213   30  811  690 3.00 
 213   30  896  570 3.14 
 213   30  896  630 3.00 
 213   30  896  690 3.00 
 213   30  981  510 2.86 
 213   30  981  570 3.00 
 213   30  981  630 2.71 
 213   30  981  690 2.86 
 213   90  896  630 3.14 
 213   90  896  690 3.00 
 213   90  981  570 2.86 
 213   90  981  630 2.86 
 213   90  981  690 2.86 
 213  150  896  690 2.86 
 213  150  981  630 2.86 
 213  150  981  690 2.86 
 213  210  981  690 2.86 
 299   30  896  690 2.86 
 299   30  981  570 2.71 
 299   30  981  630 2.86 
 299   30  981  690 2.71 
 299   90  981  630 2.86 
 299   90  981  690 2.71 
 299  150  981  690 2.71 
