  28   43  480  811 2.71 
  28   43  480  896 3.14 
  28   43  480  981 4.71 
  28   43  537  725 3.43 
  28   43  537  811 2.86 
  28   43  537  896 3.57 
  28   43  537  981 4.57 
  28   43  593  725 3.43 
  28   43  593  811 3.14 
  28   43  593  896 3.71 
  28   43  593  981 4.86 
  28   43  650  725 2.86 
  28   43  650  811 3.00 
  28   43  650  896 3.00 
  28   43  650  981 3.57 
  28  128  480  896 3.86 
  28  128  480  981 3.43 
  28  128  537  811 3.71 
  28  128  537  896 4.14 
  28  128  537  981 4.14 
  28  128  593  811 3.57 
  28  128  593  896 4.43 
  28  128  593  981 4.14 
  28  128  650  725 2.86 
  28  128  650  811 2.71 
  28  128  650  896 3.43 
  28  128  650  981 3.14 
  28  213  480  981 3.14 
  28  213  537  896 4.14 
  28  213  537  981 3.57 
  28  213  593  896 3.86 
  28  213  593  981 3.57 
  28  213  650  811 2.71 
  28  213  650  896 3.14 
  28  213  650  981 3.14 
  28  299  537  981 3.86 
  28  299  593  981 4.14 
  28  299  650  896 3.29 
  28  299  650  981 2.86 
  85   43  480  981 -2.00 
  85   43  537  811 3.00 
  85   43  537  896 2.71 
  85   43  537  981 2.71 
  85   43  593  725 3.00 
  85   43  593  811 2.71 
  85   43  593  896 2.86 
  85   43  593  981 2.71 
  85   43  650  725 2.86 
  85   43  650  811 2.71 
  85   43  650  896 2.43 
  85   43  650  981 2.71 
  85  128  537  896 2.57 
  85  128  537  981 2.71 
  85  128  593  811 2.86 
  85  128  593  896 2.86 
  85  128  593  981 2.86 
  85  128  650  811 2.86 
  85  128  650  896 2.71 
  85  128  650  981 2.57 
  85  213  537  981 2.71 
  85  213  593  896 2.57 
  85  213  593  981 2.57 
  85  213  650  896 2.71 
  85  213  650  981 2.71 
  85  299  593  981 2.71 
  85  299  650  981 2.86 
 141   43  537  981 -2.00 
 141   43  593  811 1.86 
 141   43  593  896 1.86 
 141   43  593  981 1.57 
 141   43  650  725 1.71 
 141   43  650  811 1.86 
 141   43  650  896 1.86 
 141   43  650  981 2.14 
 141  128  593  896 1.86 
 141  128  593  981 1.86 
 141  128  650  811 2.00 
 141  128  650  896 2.14 
 141  128  650  981 1.86 
 141  213  593  981 1.86 
 141  213  650  896 1.71 
 141  213  650  981 1.86 
 141  299  650  981 1.86 
 198   43  593  981 -2.00 
 198   43  650  811 1.00 
 198   43  650  896 1.00 
 198   43  650  981 1.14 
 198  128  650  896 1.14 
 198  128  650  981 1.00 
 198  213  650  981 1.14 
