  43   32  725  607 3.71 
  43   32  725  671 3.71 
  43   32  725  735 4.00 
  43   32  811  543 2.86 
  43   32  811  607 3.14 
  43   32  811  671 3.14 
  43   32  811  735 3.57 
  43   32  896  543 3.00 
  43   32  896  607 3.00 
  43   32  896  671 3.29 
  43   32  896  735 3.57 
  43   32  981  543 2.71 
  43   32  981  607 3.00 
  43   32  981  671 3.29 
  43   32  981  735 3.57 
  43   96  725  671 4.14 
  43   96  725  735 3.71 
  43   96  811  607 3.29 
  43   96  811  671 3.57 
  43   96  811  735 3.57 
  43   96  896  607 3.29 
  43   96  896  671 3.57 
  43   96  896  735 3.14 
  43   96  981  543 -2.00 
  43   96  981  607 3.43 
  43   96  981  671 3.43 
  43   96  981  735 3.14 
  43  160  725  735 3.14 
  43  160  811  671 3.86 
  43  160  811  735 3.00 
  43  160  896  671 3.57 
  43  160  896  735 3.14 
  43  160  981  607 -2.00 
  43  160  981  671 3.14 
  43  160  981  735 2.86 
  43  224  811  735 2.71 
  43  224  896  735 2.86 
  43  224  981  671 -2.00 
  43  224  981  735 2.71 
 128   32  725  735 2.86 
 128   32  811  607 2.43 
 128   32  811  671 2.71 
 128   32  811  735 2.57 
 128   32  896  543 2.57 
 128   32  896  607 2.57 
 128   32  896  671 2.43 
 128   32  896  735 2.57 
 128   32  981  543 2.43 
 128   32  981  607 2.57 
 128   32  981  671 2.43 
 128   32  981  735 2.43 
 128   96  811  671 2.43 
 128   96  811  735 2.57 
 128   96  896  607 2.57 
 128   96  896  671 2.43 
 128   96  896  735 2.43 
 128   96  981  607 2.43 
 128   96  981  671 2.57 
 128   96  981  735 2.43 
 128  160  811  735 2.43 
 128  160  896  671 2.43 
 128  160  896  735 2.43 
 128  160  981  671 2.43 
 128  160  981  735 2.57 
 128  224  896  735 2.43 
 128  224  981  735 2.43 
 213   32  811  735 2.43 
 213   32  896  607 2.00 
 213   32  896  671 2.14 
 213   32  896  735 2.00 
 213   32  981  543 2.14 
 213   32  981  607 2.29 
 213   32  981  671 2.00 
 213   32  981  735 2.14 
 213   96  896  671 2.14 
 213   96  896  735 2.14 
 213   96  981  607 1.86 
 213   96  981  671 2.29 
 213   96  981  735 2.29 
 213  160  896  735 2.14 
 213  160  981  671 1.86 
 213  160  981  735 2.29 
 213  224  981  735 1.86 
 299   32  896  735 1.71 
 299   32  981  607 1.71 
 299   32  981  671 1.57 
 299   32  981  735 1.57 
 299   96  981  671 1.57 
 299   96  981  735 1.57 
 299  160  981  735 1.71 
