  24   43  401  811 2.86 
  24   43  401  896 -2.00 
  24   43  401  981 -2.00 
  24   43  448  725 3.57 
  24   43  448  811 3.43 
  24   43  448  896 4.43 
  24   43  448  981 -2.00 
  24   43  495  725 3.43 
  24   43  495  811 3.43 
  24   43  495  896 3.71 
  24   43  495  981 3.71 
  24   43  542  725 3.00 
  24   43  542  811 3.29 
  24   43  542  896 3.57 
  24   43  542  981 3.71 
  24  128  401  896 2.86 
  24  128  401  981 -2.00 
  24  128  448  811 3.86 
  24  128  448  896 3.29 
  24  128  448  981 3.43 
  24  128  495  811 3.57 
  24  128  495  896 3.43 
  24  128  495  981 3.29 
  24  128  542  725 3.00 
  24  128  542  811 3.00 
  24  128  542  896 3.43 
  24  128  542  981 3.29 
  24  213  401  981 2.86 
  24  213  448  896 3.43 
  24  213  448  981 3.29 
  24  213  495  896 3.29 
  24  213  495  981 3.43 
  24  213  542  811 3.29 
  24  213  542  896 3.29 
  24  213  542  981 3.29 
  24  299  448  981 2.86 
  24  299  495  981 3.14 
  24  299  542  896 3.00 
  24  299  542  981 3.00 
  71   43  401  981 -2.00 
  71   43  448  811 2.00 
  71   43  448  896 -2.00 
  71   43  448  981 -2.00 
  71   43  495  725 2.00 
  71   43  495  811 2.00 
  71   43  495  896 2.00 
  71   43  495  981 -2.00 
  71   43  542  725 1.86 
  71   43  542  811 2.14 
  71   43  542  896 2.00 
  71   43  542  981 2.14 
  71  128  448  896 2.00 
  71  128  448  981 -2.00 
  71  128  495  811 1.86 
  71  128  495  896 2.00 
  71  128  495  981 2.00 
  71  128  542  811 1.86 
  71  128  542  896 2.00 
  71  128  542  981 2.00 
  71  213  448  981 2.00 
  71  213  495  896 1.86 
  71  213  495  981 1.86 
  71  213  542  896 1.86 
  71  213  542  981 2.00 
  71  299  495  981 1.86 
  71  299  542  981 1.86 
 118   43  448  981 -2.00 
 118   43  495  811 1.57 
 118   43  495  896 -2.00 
 118   43  495  981 -2.00 
 118   43  542  725 1.57 
 118   43  542  811 1.43 
 118   43  542  896 1.71 
 118   43  542  981 -2.00 
 118  128  495  896 1.57 
 118  128  495  981 -2.00 
 118  128  542  811 1.43 
 118  128  542  896 1.43 
 118  128  542  981 1.57 
 118  213  495  981 1.57 
 118  213  542  896 1.57 
 118  213  542  981 1.43 
 118  299  542  981 1.57 
 165   43  495  981 -2.00 
 165   43  542  811 1.43 
 165   43  542  896 -2.00 
 165   43  542  981 -2.00 
 165  128  542  896 1.43 
 165  128  542  981 -2.00 
 165  213  542  981 1.57 
