  21   43  363  811 -2.00 
  21   43  363  896 -2.00 
  21   43  363  981 -2.00 
  21   43  405  725 3.71 
  21   43  405  811 3.71 
  21   43  405  896 -2.00 
  21   43  405  981 -2.00 
  21   43  448  725 3.57 
  21   43  448  811 4.00 
  21   43  448  896 4.00 
  21   43  448  981 3.71 
  21   43  491  725 3.71 
  21   43  491  811 4.00 
  21   43  491  896 4.00 
  21   43  491  981 4.00 
  21  128  363  896 -2.00 
  21  128  363  981 -2.00 
  21  128  405  811 2.43 
  21  128  405  896 2.86 
  21  128  405  981 -2.00 
  21  128  448  811 2.57 
  21  128  448  896 2.29 
  21  128  448  981 2.14 
  21  128  491  725 2.71 
  21  128  491  811 2.43 
  21  128  491  896 2.57 
  21  128  491  981 2.43 
  21  213  363  981 -2.00 
  21  213  405  896 1.00 
  21  213  405  981 1.00 
  21  213  448  896 1.00 
  21  213  448  981 1.00 
  21  213  491  811 1.00 
  21  213  491  896 1.00 
  21  213  491  981 1.00 
  21  299  405  981 1.00 
  21  299  448  981 1.00 
  21  299  491  896 1.00 
  21  299  491  981 1.00 
  64   43  363  981 -2.00 
  64   43  405  811 -2.00 
  64   43  405  896 -2.00 
  64   43  405  981 -2.00 
  64   43  448  725 3.71 
  64   43  448  811 4.00 
  64   43  448  896 -2.00 
  64   43  448  981 -2.00 
  64   43  491  725 3.57 
  64   43  491  811 3.57 
  64   43  491  896 3.86 
  64   43  491  981 3.14 
  64  128  405  896 -2.00 
  64  128  405  981 -2.00 
  64  128  448  811 2.57 
  64  128  448  896 2.43 
  64  128  448  981 -2.00 
  64  128  491  811 2.43 
  64  128  491  896 2.14 
  64  128  491  981 2.86 
  64  213  405  981 -2.00 
  64  213  448  896 1.00 
  64  213  448  981 1.00 
  64  213  491  896 1.00 
  64  213  491  981 1.00 
  64  299  448  981 1.00 
  64  299  491  981 1.00 
 107   43  405  981 -2.00 
 107   43  448  811 -2.00 
 107   43  448  896 -2.00 
 107   43  448  981 -2.00 
 107   43  491  725 3.00 
 107   43  491  811 3.29 
 107   43  491  896 -2.00 
 107   43  491  981 -2.00 
 107  128  448  896 -2.00 
 107  128  448  981 -2.00 
 107  128  491  811 2.29 
 107  128  491  896 2.43 
 107  128  491  981 -2.00 
 107  213  448  981 -2.00 
 107  213  491  896 1.00 
 107  213  491  981 1.00 
 107  299  491  981 1.00 
 149   43  448  981 -2.00 
 149   43  491  811 -2.00 
 149   43  491  896 -2.00 
 149   43  491  981 -2.00 
 149  128  491  896 -2.00 
 149  128  491  981 -2.00 
 149  213  491  981 -2.00 
