  29   43  492  811 3.14 
  29   43  492  896 3.14 
  29   43  492  981 3.14 
  29   43  549  725 3.29 
  29   43  549  811 3.43 
  29   43  549  896 3.29 
  29   43  549  981 3.57 
  29   43  607  725 4.29 
  29   43  607  811 4.29 
  29   43  607  896 4.57 
  29   43  607  981 4.71 
  29   43  665  725 3.00 
  29   43  665  811 3.00 
  29   43  665  896 3.00 
  29   43  665  981 3.00 
  29  128  492  896 3.14 
  29  128  492  981 3.14 
  29  128  549  811 3.29 
  29  128  549  896 3.43 
  29  128  549  981 3.29 
  29  128  607  811 4.14 
  29  128  607  896 4.43 
  29  128  607  981 4.57 
  29  128  665  725 3.00 
  29  128  665  811 3.00 
  29  128  665  896 3.00 
  29  128  665  981 3.00 
  29  213  492  981 3.14 
  29  213  549  896 3.29 
  29  213  549  981 3.43 
  29  213  607  896 4.43 
  29  213  607  981 4.43 
  29  213  665  811 3.00 
  29  213  665  896 3.00 
  29  213  665  981 3.00 
  29  299  549  981 3.29 
  29  299  607  981 4.43 
  29  299  665  896 3.00 
  29  299  665  981 3.00 
  87   43  492  981 -2.00 
  87   43  549  811 3.57 
  87   43  549  896 3.71 
  87   43  549  981 3.57 
  87   43  607  725 3.57 
  87   43  607  811 3.57 
  87   43  607  896 3.71 
  87   43  607  981 3.86 
  87   43  665  725 3.00 
  87   43  665  811 3.00 
  87   43  665  896 3.00 
  87   43  665  981 3.00 
  87  128  549  896 3.57 
  87  128  549  981 3.57 
  87  128  607  811 3.71 
  87  128  607  896 3.71 
  87  128  607  981 3.86 
  87  128  665  811 3.00 
  87  128  665  896 3.00 
  87  128  665  981 3.00 
  87  213  549  981 3.57 
  87  213  607  896 3.57 
  87  213  607  981 3.71 
  87  213  665  896 3.00 
  87  213  665  981 3.00 
  87  299  607  981 3.43 
  87  299  665  981 3.00 
 145   43  549  981 -2.00 
 145   43  607  811 3.00 
 145   43  607  896 3.14 
 145   43  607  981 3.00 
 145   43  665  725 3.00 
 145   43  665  811 3.00 
 145   43  665  896 3.00 
 145   43  665  981 3.00 
 145  128  607  896 3.00 
 145  128  607  981 3.14 
 145  128  665  811 3.00 
 145  128  665  896 3.00 
 145  128  665  981 3.00 
 145  213  607  981 3.00 
 145  213  665  896 3.00 
 145  213  665  981 3.00 
 145  299  665  981 3.00 
 202   43  607  981 -2.00 
 202   43  665  811 3.00 
 202   43  665  896 3.00 
 202   43  665  981 3.00 
 202  128  665  896 3.00 
 202  128  665  981 3.00 
 202  213  665  981 3.00 
