  31   43  534  811 3.00 
  31   43  534  896 3.00 
  31   43  534  981 3.86 
  31   43  597  725 2.57 
  31   43  597  811 2.86 
  31   43  597  896 3.29 
  31   43  597  981 3.57 
  31   43  660  725 2.71 
  31   43  660  811 2.86 
  31   43  660  896 3.43 
  31   43  660  981 4.00 
  31   43  723  725 2.86 
  31   43  723  811 2.86 
  31   43  723  896 3.14 
  31   43  723  981 3.57 
  31  128  534  896 3.29 
  31  128  534  981 3.86 
  31  128  597  811 2.86 
  31  128  597  896 3.71 
  31  128  597  981 4.29 
  31  128  660  811 3.00 
  31  128  660  896 3.57 
  31  128  660  981 3.71 
  31  128  723  725 3.14 
  31  128  723  811 2.86 
  31  128  723  896 3.14 
  31  128  723  981 4.29 
  31  213  534  981 2.57 
  31  213  597  896 3.14 
  31  213  597  981 2.57 
  31  213  660  896 3.29 
  31  213  660  981 2.43 
  31  213  723  811 2.57 
  31  213  723  896 2.86 
  31  213  723  981 2.43 
  31  299  597  981 2.43 
  31  299  660  981 2.43 
  31  299  723  896 2.57 
  31  299  723  981 2.43 
  94   43  534  981 4.00 
  94   43  597  811 3.00 
  94   43  597  896 3.00 
  94   43  597  981 4.00 
  94   43  660  725 2.57 
  94   43  660  811 3.00 
  94   43  660  896 3.00 
  94   43  660  981 3.71 
  94   43  723  725 3.00 
  94   43  723  811 2.86 
  94   43  723  896 3.00 
  94   43  723  981 3.29 
  94  128  597  896 3.29 
  94  128  597  981 4.14 
  94  128  660  811 3.00 
  94  128  660  896 3.29 
  94  128  660  981 3.86 
  94  128  723  811 3.00 
  94  128  723  896 3.29 
  94  128  723  981 3.14 
  94  213  597  981 2.71 
  94  213  660  896 3.00 
  94  213  660  981 2.71 
  94  213  723  896 2.71 
  94  213  723  981 2.43 
  94  299  660  981 2.29 
  94  299  723  981 2.43 
 157   43  597  981 3.00 
 157   43  660  811 2.86 
 157   43  660  896 2.86 
 157   43  660  981 3.14 
 157   43  723  725 2.57 
 157   43  723  811 2.71 
 157   43  723  896 2.86 
 157   43  723  981 3.14 
 157  128  660  896 3.00 
 157  128  660  981 3.29 
 157  128  723  811 3.00 
 157  128  723  896 3.00 
 157  128  723  981 3.14 
 157  213  660  981 2.29 
 157  213  723  896 2.57 
 157  213  723  981 2.57 
 157  299  723  981 2.43 
 220   43  660  981 2.71 
 220   43  723  811 2.57 
 220   43  723  896 3.00 
 220   43  723  981 2.71 
 220  128  723  896 2.71 
 220  128  723  981 2.86 
 220  213  723  981 2.29 
