  28   43  479  811 1.43 
  28   43  479  896 2.57 
  28   43  479  981 3.29 
  28   43  535  725 1.00 
  28   43  535  811 1.71 
  28   43  535  896 3.14 
  28   43  535  981 4.29 
  28   43  592  725 1.29 
  28   43  592  811 1.86 
  28   43  592  896 3.29 
  28   43  592  981 4.57 
  28   43  648  725 1.29 
  28   43  648  811 1.86 
  28   43  648  896 3.43 
  28   43  648  981 4.14 
  28  128  479  896 2.29 
  28  128  479  981 3.00 
  28  128  535  811 1.71 
  28  128  535  896 2.86 
  28  128  535  981 4.00 
  28  128  592  811 1.86 
  28  128  592  896 3.71 
  28  128  592  981 4.57 
  28  128  648  725 1.57 
  28  128  648  811 2.14 
  28  128  648  896 4.00 
  28  128  648  981 4.14 
  28  213  479  981 2.43 
  28  213  535  896 2.71 
  28  213  535  981 3.29 
  28  213  592  896 3.29 
  28  213  592  981 3.00 
  28  213  648  811 2.14 
  28  213  648  896 3.00 
  28  213  648  981 3.00 
  28  299  535  981 2.71 
  28  299  592  981 3.14 
  28  299  648  896 3.00 
  28  299  648  981 3.14 
  85   43  479  981 -2.00 
  85   43  535  811 1.57 
  85   43  535  896 2.86 
  85   43  535  981 4.57 
  85   43  592  725 1.29 
  85   43  592  811 1.71 
  85   43  592  896 3.29 
  85   43  592  981 4.29 
  85   43  648  725 1.14 
  85   43  648  811 1.86 
  85   43  648  896 2.86 
  85   43  648  981 3.86 
  85  128  535  896 3.57 
  85  128  535  981 4.00 
  85  128  592  811 2.00 
  85  128  592  896 3.57 
  85  128  592  981 4.00 
  85  128  648  811 2.00 
  85  128  648  896 3.43 
  85  128  648  981 4.00 
  85  213  535  981 3.00 
  85  213  592  896 3.14 
  85  213  592  981 3.29 
  85  213  648  896 3.14 
  85  213  648  981 3.00 
  85  299  592  981 3.00 
  85  299  648  981 3.00 
 141   43  535  981 -2.00 
 141   43  592  811 1.71 
 141   43  592  896 2.71 
 141   43  592  981 3.71 
 141   43  648  725 1.29 
 141   43  648  811 1.86 
 141   43  648  896 2.71 
 141   43  648  981 3.71 
 141  128  592  896 3.43 
 141  128  592  981 3.71 
 141  128  648  811 1.86 
 141  128  648  896 3.29 
 141  128  648  981 3.29 
 141  213  592  981 3.00 
 141  213  648  896 2.86 
 141  213  648  981 3.00 
 141  299  648  981 2.86 
 197   43  592  981 -2.00 
 197   43  648  811 1.71 
 197   43  648  896 2.57 
 197   43  648  981 3.00 
 197  128  648  896 3.00 
 197  128  648  981 2.86 
 197  213  648  981 2.57 
