  30   43  504  811 3.00 
  30   43  504  896 3.00 
  30   43  504  981 3.00 
  30   43  564  725 2.57 
  30   43  564  811 2.86 
  30   43  564  896 3.00 
  30   43  564  981 3.00 
  30   43  623  725 2.57 
  30   43  623  811 3.00 
  30   43  623  896 3.00 
  30   43  623  981 3.43 
  30   43  682  725 2.86 
  30   43  682  811 3.71 
  30   43  682  896 3.57 
  30   43  682  981 4.29 
  30  128  504  896 3.00 
  30  128  504  981 3.00 
  30  128  564  811 3.00 
  30  128  564  896 3.00 
  30  128  564  981 3.00 
  30  128  623  811 3.00 
  30  128  623  896 3.00 
  30  128  623  981 3.29 
  30  128  682  725 3.14 
  30  128  682  811 3.43 
  30  128  682  896 3.71 
  30  128  682  981 4.29 
  30  213  504  981 3.00 
  30  213  564  896 3.00 
  30  213  564  981 3.00 
  30  213  623  896 3.29 
  30  213  623  981 3.00 
  30  213  682  811 3.29 
  30  213  682  896 4.29 
  30  213  682  981 3.57 
  30  299  564  981 3.00 
  30  299  623  981 3.00 
  30  299  682  896 4.00 
  30  299  682  981 3.71 
  89   43  504  981 -2.00 
  89   43  564  811 3.00 
  89   43  564  896 3.00 
  89   43  564  981 3.86 
  89   43  623  725 2.86 
  89   43  623  811 3.00 
  89   43  623  896 3.00 
  89   43  623  981 4.00 
  89   43  682  725 3.00 
  89   43  682  811 3.43 
  89   43  682  896 3.43 
  89   43  682  981 4.14 
  89  128  564  896 3.00 
  89  128  564  981 3.14 
  89  128  623  811 3.00 
  89  128  623  896 3.29 
  89  128  623  981 3.57 
  89  128  682  811 3.29 
  89  128  682  896 3.71 
  89  128  682  981 3.86 
  89  213  564  981 3.00 
  89  213  623  896 3.86 
  89  213  623  981 3.14 
  89  213  682  896 4.14 
  89  213  682  981 3.29 
  89  299  623  981 3.14 
  89  299  682  981 3.43 
 148   43  564  981 -2.00 
 148   43  623  811 3.57 
 148   43  623  896 3.57 
 148   43  623  981 4.43 
 148   43  682  725 2.71 
 148   43  682  811 3.00 
 148   43  682  896 3.00 
 148   43  682  981 3.43 
 148  128  623  896 3.86 
 148  128  623  981 4.14 
 148  128  682  811 3.00 
 148  128  682  896 3.00 
 148  128  682  981 3.14 
 148  213  623  981 3.43 
 148  213  682  896 3.14 
 148  213  682  981 3.00 
 148  299  682  981 3.00 
 208   43  623  981 -2.00 
 208   43  682  811 3.00 
 208   43  682  896 3.00 
 208   43  682  981 3.00 
 208  128  682  896 3.00 
 208  128  682  981 3.00 
 208  213  682  981 3.00 
