  39   43  655  811 2.86 
  39   43  655  896 3.29 
  39   43  655  981 3.43 
  39   43  732  725 2.71 
  39   43  732  811 3.29 
  39   43  732  896 3.57 
  39   43  732  981 3.43 
  39   43  809  725 3.29 
  39   43  809  811 3.86 
  39   43  809  896 4.14 
  39   43  809  981 4.00 
  39   43  886  725 3.43 
  39   43  886  811 3.57 
  39   43  886  896 3.29 
  39   43  886  981 3.57 
  39  128  655  896 3.43 
  39  128  655  981 3.29 
  39  128  732  811 3.29 
  39  128  732  896 3.43 
  39  128  732  981 3.43 
  39  128  809  811 4.00 
  39  128  809  896 4.14 
  39  128  809  981 4.14 
  39  128  886  725 3.57 
  39  128  886  811 3.57 
  39  128  886  896 3.57 
  39  128  886  981 3.71 
  39  213  655  981 2.71 
  39  213  732  896 3.14 
  39  213  732  981 3.14 
  39  213  809  896 3.29 
  39  213  809  981 3.43 
  39  213  886  811 3.29 
  39  213  886  896 3.14 
  39  213  886  981 3.14 
  39  299  732  981 1.86 
  39  299  809  981 2.29 
  39  299  886  896 1.86 
  39  299  886  981 1.86 
 116   43  655  981 3.57 
 116   43  732  811 4.14 
 116   43  732  896 4.29 
 116   43  732  981 4.14 
 116   43  809  725 3.00 
 116   43  809  811 3.29 
 116   43  809  896 3.86 
 116   43  809  981 3.86 
 116   43  886  725 3.00 
 116   43  886  811 3.00 
 116   43  886  896 3.14 
 116   43  886  981 3.00 
 116  128  732  896 4.00 
 116  128  732  981 3.71 
 116  128  809  811 3.29 
 116  128  809  896 3.43 
 116  128  809  981 3.43 
 116  128  886  811 3.14 
 116  128  886  896 3.00 
 116  128  886  981 3.00 
 116  213  732  981 3.14 
 116  213  809  896 3.00 
 116  213  809  981 3.14 
 116  213  886  896 3.00 
 116  213  886  981 2.86 
 116  299  809  981 1.71 
 116  299  886  981 2.14 
 193   43  732  981 3.43 
 193   43  809  811 3.14 
 193   43  809  896 3.00 
 193   43  809  981 3.14 
 193   43  886  725 2.71 
 193   43  886  811 2.86 
 193   43  886  896 2.86 
 193   43  886  981 3.00 
 193  128  809  896 3.14 
 193  128  809  981 2.86 
 193  128  886  811 2.86 
 193  128  886  896 2.86 
 193  128  886  981 2.86 
 193  213  809  981 2.86 
 193  213  886  896 2.57 
 193  213  886  981 2.71 
 193  299  886  981 1.86 
 270   43  809  981 2.57 
 270   43  886  811 2.71 
 270   43  886  896 2.57 
 270   43  886  981 2.57 
 270  128  886  896 2.71 
 270  128  886  981 2.57 
 270  213  886  981 2.43 
