  27   43  466  811 3.14 
  27   43  466  896 3.29 
  27   43  466  981 3.43 
  27   43  521  725 3.29 
  27   43  521  811 3.86 
  27   43  521  896 3.86 
  27   43  521  981 3.57 
  27   43  576  725 3.29 
  27   43  576  811 3.57 
  27   43  576  896 3.43 
  27   43  576  981 3.57 
  27   43  631  725 3.00 
  27   43  631  811 3.00 
  27   43  631  896 2.86 
  27   43  631  981 2.71 
  27  128  466  896 3.43 
  27  128  466  981 3.29 
  27  128  521  811 4.14 
  27  128  521  896 3.86 
  27  128  521  981 3.86 
  27  128  576  811 3.57 
  27  128  576  896 3.57 
  27  128  576  981 3.71 
  27  128  631  725 2.86 
  27  128  631  811 2.86 
  27  128  631  896 2.86 
  27  128  631  981 3.00 
  27  213  466  981 3.00 
  27  213  521  896 4.00 
  27  213  521  981 4.00 
  27  213  576  896 3.57 
  27  213  576  981 3.86 
  27  213  631  811 3.00 
  27  213  631  896 3.00 
  27  213  631  981 3.00 
  27  299  521  981 3.71 
  27  299  576  981 3.71 
  27  299  631  896 3.00 
  27  299  631  981 3.00 
  82   43  466  981 -2.00 
  82   43  521  811 3.86 
  82   43  521  896 4.00 
  82   43  521  981 3.86 
  82   43  576  725 2.86 
  82   43  576  811 3.00 
  82   43  576  896 3.00 
  82   43  576  981 2.86 
  82   43  631  725 2.71 
  82   43  631  811 2.86 
  82   43  631  896 2.71 
  82   43  631  981 2.71 
  82  128  521  896 3.86 
  82  128  521  981 4.14 
  82  128  576  811 3.29 
  82  128  576  896 3.00 
  82  128  576  981 2.86 
  82  128  631  811 2.71 
  82  128  631  896 2.86 
  82  128  631  981 2.71 
  82  213  521  981 3.71 
  82  213  576  896 3.14 
  82  213  576  981 2.86 
  82  213  631  896 2.71 
  82  213  631  981 2.86 
  82  299  576  981 3.29 
  82  299  631  981 2.86 
 137   43  521  981 -2.00 
 137   43  576  811 2.86 
 137   43  576  896 3.14 
 137   43  576  981 2.86 
 137   43  631  725 2.57 
 137   43  631  811 2.57 
 137   43  631  896 2.57 
 137   43  631  981 2.57 
 137  128  576  896 2.71 
 137  128  576  981 2.86 
 137  128  631  811 2.57 
 137  128  631  896 2.57 
 137  128  631  981 2.57 
 137  213  576  981 2.86 
 137  213  631  896 2.71 
 137  213  631  981 2.71 
 137  299  631  981 2.71 
 192   43  576  981 -2.00 
 192   43  631  811 2.43 
 192   43  631  896 2.43 
 192   43  631  981 2.43 
 192  128  631  896 2.29 
 192  128  631  981 2.43 
 192  213  631  981 2.43 
