  24   43  414  811 1.43 
  24   43  414  896 1.43 
  24   43  414  981 -2.00 
  24   43  462  725 2.14 
  24   43  462  811 2.29 
  24   43  462  896 2.00 
  24   43  462  981 2.14 
  24   43  511  725 2.86 
  24   43  511  811 2.71 
  24   43  511  896 3.43 
  24   43  511  981 3.00 
  24   43  560  725 3.57 
  24   43  560  811 4.00 
  24   43  560  896 4.14 
  24   43  560  981 4.29 
  24  128  414  896 1.43 
  24  128  414  981 1.43 
  24  128  462  811 2.14 
  24  128  462  896 2.14 
  24  128  462  981 2.00 
  24  128  511  811 3.00 
  24  128  511  896 3.00 
  24  128  511  981 3.00 
  24  128  560  725 4.43 
  24  128  560  811 4.43 
  24  128  560  896 4.00 
  24  128  560  981 3.57 
  24  213  414  981 1.29 
  24  213  462  896 1.86 
  24  213  462  981 1.71 
  24  213  511  896 2.71 
  24  213  511  981 2.29 
  24  213  560  811 3.29 
  24  213  560  896 3.29 
  24  213  560  981 2.86 
  24  299  462  981 1.29 
  24  299  511  981 2.14 
  24  299  560  896 2.14 
  24  299  560  981 2.00 
  73   43  414  981 -2.00 
  73   43  462  811 2.43 
  73   43  462  896 2.29 
  73   43  462  981 -2.00 
  73   43  511  725 3.00 
  73   43  511  811 3.00 
  73   43  511  896 3.57 
  73   43  511  981 3.57 
  73   43  560  725 3.57 
  73   43  560  811 4.14 
  73   43  560  896 4.14 
  73   43  560  981 4.57 
  73  128  462  896 2.14 
  73  128  462  981 2.29 
  73  128  511  811 3.57 
  73  128  511  896 2.86 
  73  128  511  981 3.14 
  73  128  560  811 4.29 
  73  128  560  896 3.86 
  73  128  560  981 3.86 
  73  213  462  981 2.14 
  73  213  511  896 2.86 
  73  213  511  981 2.71 
  73  213  560  896 3.14 
  73  213  560  981 2.71 
  73  299  511  981 2.00 
  73  299  560  981 2.14 
 122   43  462  981 -2.00 
 122   43  511  811 3.43 
 122   43  511  896 3.86 
 122   43  511  981 -2.00 
 122   43  560  725 3.57 
 122   43  560  811 3.86 
 122   43  560  896 4.29 
 122   43  560  981 4.43 
 122  128  511  896 3.43 
 122  128  511  981 3.71 
 122  128  560  811 4.71 
 122  128  560  896 4.00 
 122  128  560  981 4.14 
 122  213  511  981 3.14 
 122  213  560  896 3.43 
 122  213  560  981 2.71 
 122  299  560  981 2.00 
 170   43  511  981 -2.00 
 170   43  560  811 4.00 
 170   43  560  896 4.14 
 170   43  560  981 -2.00 
 170  128  560  896 4.00 
 170  128  560  981 4.00 
 170  213  560  981 2.86 
