  31   43  527  811 1.00 
  31   43  527  896 1.00 
  31   43  527  981 1.14 
  31   43  589  725 1.29 
  31   43  589  811 1.14 
  31   43  589  896 1.14 
  31   43  589  981 1.29 
  31   43  651  725 2.29 
  31   43  651  811 2.29 
  31   43  651  896 2.29 
  31   43  651  981 2.29 
  31   43  713  725 3.43 
  31   43  713  811 3.57 
  31   43  713  896 3.43 
  31   43  713  981 3.86 
  31  128  527  896 1.00 
  31  128  527  981 1.14 
  31  128  589  811 1.00 
  31  128  589  896 1.00 
  31  128  589  981 1.00 
  31  128  651  811 2.00 
  31  128  651  896 1.86 
  31  128  651  981 2.00 
  31  128  713  725 2.86 
  31  128  713  811 2.71 
  31  128  713  896 2.57 
  31  128  713  981 2.57 
  31  213  527  981 1.86 
  31  213  589  896 1.71 
  31  213  589  981 1.86 
  31  213  651  896 1.00 
  31  213  651  981 1.00 
  31  213  713  811 1.14 
  31  213  713  896 1.00 
  31  213  713  981 1.00 
  31  299  589  981 1.86 
  31  299  651  981 1.00 
  31  299  713  896 1.00 
  31  299  713  981 1.00 
  93   43  527  981 1.00 
  93   43  589  811 1.43 
  93   43  589  896 1.14 
  93   43  589  981 1.29 
  93   43  651  725 2.57 
  93   43  651  811 2.29 
  93   43  651  896 2.14 
  93   43  651  981 2.29 
  93   43  713  725 3.43 
  93   43  713  811 3.71 
  93   43  713  896 3.43 
  93   43  713  981 4.00 
  93  128  589  896 1.43 
  93  128  589  981 1.00 
  93  128  651  811 2.00 
  93  128  651  896 2.29 
  93  128  651  981 1.86 
  93  128  713  811 2.43 
  93  128  713  896 2.71 
  93  128  713  981 2.71 
  93  213  589  981 1.57 
  93  213  651  896 1.00 
  93  213  651  981 1.14 
  93  213  713  896 1.00 
  93  213  713  981 1.14 
  93  299  651  981 1.14 
  93  299  713  981 1.00 
 155   43  589  981 1.29 
 155   43  651  811 2.29 
 155   43  651  896 2.14 
 155   43  651  981 2.14 
 155   43  713  725 3.57 
 155   43  713  811 3.57 
 155   43  713  896 3.57 
 155   43  713  981 4.00 
 155  128  651  896 2.00 
 155  128  651  981 2.00 
 155  128  713  811 2.86 
 155  128  713  896 2.57 
 155  128  713  981 2.71 
 155  213  651  981 1.14 
 155  213  713  896 1.00 
 155  213  713  981 1.00 
 155  299  713  981 1.00 
 217   43  651  981 2.57 
 217   43  713  811 3.71 
 217   43  713  896 3.71 
 217   43  713  981 4.29 
 217  128  713  896 2.71 
 217  128  713  981 2.86 
 217  213  713  981 1.14 
