  27   43  460  811 1.00 
  27   43  460  896 1.29 
  27   43  460  981 1.29 
  27   43  515  725 1.71 
  27   43  515  811 2.86 
  27   43  515  896 2.86 
  27   43  515  981 3.00 
  27   43  569  725 2.43 
  27   43  569  811 3.43 
  27   43  569  896 3.43 
  27   43  569  981 3.29 
  27   43  623  725 2.71 
  27   43  623  811 3.57 
  27   43  623  896 4.00 
  27   43  623  981 4.00 
  27  128  460  896 1.00 
  27  128  460  981 1.14 
  27  128  515  811 3.00 
  27  128  515  896 3.00 
  27  128  515  981 2.86 
  27  128  569  811 3.57 
  27  128  569  896 3.43 
  27  128  569  981 3.29 
  27  128  623  725 2.71 
  27  128  623  811 3.71 
  27  128  623  896 4.14 
  27  128  623  981 3.86 
  27  213  460  981 1.14 
  27  213  515  896 3.00 
  27  213  515  981 3.00 
  27  213  569  896 3.29 
  27  213  569  981 3.14 
  27  213  623  811 2.86 
  27  213  623  896 3.86 
  27  213  623  981 3.43 
  27  299  515  981 3.00 
  27  299  569  981 3.29 
  27  299  623  896 3.14 
  27  299  623  981 3.43 
  81   43  460  981 -2.00 
  81   43  515  811 2.00 
  81   43  515  896 2.00 
  81   43  515  981 2.00 
  81   43  569  725 2.71 
  81   43  569  811 3.43 
  81   43  569  896 3.86 
  81   43  569  981 3.71 
  81   43  623  725 2.43 
  81   43  623  811 3.29 
  81   43  623  896 3.86 
  81   43  623  981 4.00 
  81  128  515  896 2.14 
  81  128  515  981 2.00 
  81  128  569  811 3.57 
  81  128  569  896 3.71 
  81  128  569  981 3.43 
  81  128  623  811 3.29 
  81  128  623  896 3.71 
  81  128  623  981 3.43 
  81  213  515  981 3.00 
  81  213  569  896 3.57 
  81  213  569  981 3.00 
  81  213  623  896 3.43 
  81  213  623  981 3.29 
  81  299  569  981 3.29 
  81  299  623  981 3.43 
 135   43  515  981 -2.00 
 135   43  569  811 3.71 
 135   43  569  896 4.00 
 135   43  569  981 4.43 
 135   43  623  725 2.86 
 135   43  623  811 3.00 
 135   43  623  896 3.71 
 135   43  623  981 3.43 
 135  128  569  896 4.14 
 135  128  569  981 3.71 
 135  128  623  811 3.43 
 135  128  623  896 3.43 
 135  128  623  981 3.71 
 135  213  569  981 3.43 
 135  213  623  896 3.43 
 135  213  623  981 3.14 
 135  299  623  981 3.14 
 190   43  569  981 -2.00 
 190   43  623  811 2.86 
 190   43  623  896 3.43 
 190   43  623  981 3.57 
 190  128  623  896 3.29 
 190  128  623  981 3.43 
 190  213  623  981 3.00 
