  28   43  475  811 2.86 
  28   43  475  896 2.14 
  28   43  475  981 2.71 
  28   43  530  725 3.00 
  28   43  530  811 2.14 
  28   43  530  896 2.57 
  28   43  530  981 3.00 
  28   43  586  725 3.00 
  28   43  586  811 3.00 
  28   43  586  896 3.14 
  28   43  586  981 3.00 
  28   43  642  725 3.00 
  28   43  642  811 3.14 
  28   43  642  896 3.57 
  28   43  642  981 3.00 
  28  128  475  896 2.86 
  28  128  475  981 2.86 
  28  128  530  811 3.00 
  28  128  530  896 2.14 
  28  128  530  981 3.00 
  28  128  586  811 3.86 
  28  128  586  896 3.14 
  28  128  586  981 3.00 
  28  128  642  725 3.00 
  28  128  642  811 3.71 
  28  128  642  896 3.14 
  28  128  642  981 3.00 
  28  213  475  981 2.71 
  28  213  530  896 3.00 
  28  213  530  981 3.00 
  28  213  586  896 3.00 
  28  213  586  981 3.00 
  28  213  642  811 3.14 
  28  213  642  896 3.00 
  28  213  642  981 3.00 
  28  299  530  981 2.43 
  28  299  586  981 2.43 
  28  299  642  896 2.43 
  28  299  642  981 2.43 
  84   43  475  981 -2.00 
  84   43  530  811 2.29 
  84   43  530  896 2.86 
  84   43  530  981 3.00 
  84   43  586  725 3.00 
  84   43  586  811 3.00 
  84   43  586  896 3.43 
  84   43  586  981 3.00 
  84   43  642  725 3.00 
  84   43  642  811 3.29 
  84   43  642  896 3.86 
  84   43  642  981 3.00 
  84  128  530  896 3.14 
  84  128  530  981 3.00 
  84  128  586  811 3.43 
  84  128  586  896 3.00 
  84  128  586  981 3.00 
  84  128  642  811 3.57 
  84  128  642  896 3.29 
  84  128  642  981 3.00 
  84  213  530  981 2.00 
  84  213  586  896 3.00 
  84  213  586  981 3.00 
  84  213  642  896 3.00 
  84  213  642  981 3.00 
  84  299  586  981 2.86 
  84  299  642  981 2.43 
 140   43  530  981 -2.00 
 140   43  586  811 3.14 
 140   43  586  896 4.14 
 140   43  586  981 3.00 
 140   43  642  725 3.00 
 140   43  642  811 3.43 
 140   43  642  896 4.57 
 140   43  642  981 3.14 
 140  128  586  896 3.14 
 140  128  586  981 3.00 
 140  128  642  811 4.43 
 140  128  642  896 3.14 
 140  128  642  981 3.00 
 140  213  586  981 3.00 
 140  213  642  896 3.00 
 140  213  642  981 3.00 
 140  299  642  981 2.57 
 195   43  586  981 -2.00 
 195   43  642  811 3.29 
 195   43  642  896 4.43 
 195   43  642  981 3.00 
 195  128  642  896 3.14 
 195  128  642  981 3.00 
 195  213  642  981 3.00 
