  26   43  449  811 3.14 
  26   43  449  896 3.43 
  26   43  449  981 -2.00 
  26   43  502  725 3.00 
  26   43  502  811 3.00 
  26   43  502  896 3.00 
  26   43  502  981 3.00 
  26   43  555  725 3.00 
  26   43  555  811 3.00 
  26   43  555  896 3.00 
  26   43  555  981 3.00 
  26   43  608  725 3.29 
  26   43  608  811 3.14 
  26   43  608  896 3.00 
  26   43  608  981 3.00 
  26  128  449  896 3.29 
  26  128  449  981 3.14 
  26  128  502  811 3.00 
  26  128  502  896 3.00 
  26  128  502  981 3.00 
  26  128  555  811 3.00 
  26  128  555  896 3.00 
  26  128  555  981 3.00 
  26  128  608  725 3.43 
  26  128  608  811 3.00 
  26  128  608  896 3.00 
  26  128  608  981 3.00 
  26  213  449  981 3.57 
  26  213  502  896 3.00 
  26  213  502  981 3.14 
  26  213  555  896 3.00 
  26  213  555  981 3.00 
  26  213  608  811 3.00 
  26  213  608  896 3.00 
  26  213  608  981 3.00 
  26  299  502  981 3.29 
  26  299  555  981 3.00 
  26  299  608  896 3.14 
  26  299  608  981 3.14 
  79   43  449  981 -2.00 
  79   43  502  811 3.00 
  79   43  502  896 3.00 
  79   43  502  981 -2.00 
  79   43  555  725 3.00 
  79   43  555  811 3.00 
  79   43  555  896 3.00 
  79   43  555  981 3.00 
  79   43  608  725 3.57 
  79   43  608  811 3.29 
  79   43  608  896 3.14 
  79   43  608  981 3.00 
  79  128  502  896 3.00 
  79  128  502  981 3.00 
  79  128  555  811 3.00 
  79  128  555  896 3.00 
  79  128  555  981 3.00 
  79  128  608  811 3.00 
  79  128  608  896 3.00 
  79  128  608  981 3.00 
  79  213  502  981 3.00 
  79  213  555  896 3.00 
  79  213  555  981 3.14 
  79  213  608  896 3.00 
  79  213  608  981 3.14 
  79  299  555  981 3.14 
  79  299  608  981 3.14 
 132   43  502  981 -2.00 
 132   43  555  811 3.14 
 132   43  555  896 3.14 
 132   43  555  981 -2.00 
 132   43  608  725 3.00 
 132   43  608  811 2.86 
 132   43  608  896 2.86 
 132   43  608  981 3.14 
 132  128  555  896 3.14 
 132  128  555  981 2.86 
 132  128  608  811 2.86 
 132  128  608  896 2.86 
 132  128  608  981 2.86 
 132  213  555  981 3.14 
 132  213  608  896 2.86 
 132  213  608  981 2.86 
 132  299  608  981 3.14 
 185   43  555  981 -2.00 
 185   43  608  811 2.57 
 185   43  608  896 2.57 
 185   43  608  981 -2.00 
 185  128  608  896 2.57 
 185  128  608  981 2.43 
 185  213  608  981 2.71 
