  32   43  540  811 2.57 
  32   43  540  896 2.57 
  32   43  540  981 2.43 
  32   43  604  725 1.86 
  32   43  604  811 3.00 
  32   43  604  896 3.00 
  32   43  604  981 3.14 
  32   43  668  725 1.86 
  32   43  668  811 2.86 
  32   43  668  896 3.14 
  32   43  668  981 3.29 
  32   43  731  725 2.00 
  32   43  731  811 3.29 
  32   43  731  896 3.43 
  32   43  731  981 3.86 
  32  128  540  896 2.43 
  32  128  540  981 2.57 
  32  128  604  811 3.00 
  32  128  604  896 3.00 
  32  128  604  981 2.71 
  32  128  668  811 3.14 
  32  128  668  896 2.86 
  32  128  668  981 2.86 
  32  128  731  725 1.57 
  32  128  731  811 3.14 
  32  128  731  896 3.14 
  32  128  731  981 3.29 
  32  213  540  981 1.71 
  32  213  604  896 1.71 
  32  213  604  981 1.71 
  32  213  668  896 1.86 
  32  213  668  981 1.71 
  32  213  731  811 1.71 
  32  213  731  896 1.86 
  32  213  731  981 1.71 
  32  299  604  981 1.00 
  32  299  668  981 1.00 
  32  299  731  896 1.00 
  32  299  731  981 1.29 
  95   43  540  981 2.86 
  95   43  604  811 3.00 
  95   43  604  896 3.43 
  95   43  604  981 3.43 
  95   43  668  725 1.86 
  95   43  668  811 3.29 
  95   43  668  896 3.86 
  95   43  668  981 4.14 
  95   43  731  725 1.86 
  95   43  731  811 3.00 
  95   43  731  896 3.43 
  95   43  731  981 3.86 
  95  128  604  896 2.86 
  95  128  604  981 3.14 
  95  128  668  811 3.14 
  95  128  668  896 2.86 
  95  128  668  981 2.86 
  95  128  731  811 3.00 
  95  128  731  896 3.00 
  95  128  731  981 2.86 
  95  213  604  981 1.71 
  95  213  668  896 1.71 
  95  213  668  981 1.71 
  95  213  731  896 2.00 
  95  213  731  981 1.71 
  95  299  668  981 1.00 
  95  299  731  981 1.00 
 159   43  604  981 4.14 
 159   43  668  811 3.14 
 159   43  668  896 3.86 
 159   43  668  981 4.43 
 159   43  731  725 1.57 
 159   43  731  811 3.14 
 159   43  731  896 3.86 
 159   43  731  981 3.86 
 159  128  668  896 3.00 
 159  128  668  981 2.71 
 159  128  731  811 3.00 
 159  128  731  896 3.14 
 159  128  731  981 2.86 
 159  213  668  981 1.71 
 159  213  731  896 1.71 
 159  213  731  981 1.71 
 159  299  731  981 1.00 
 223   43  668  981 3.00 
 223   43  731  811 2.86 
 223   43  731  896 2.86 
 223   43  731  981 3.14 
 223  128  731  896 2.86 
 223  128  731  981 2.71 
 223  213  731  981 2.00 
