  31   43  533  811 3.29 
  31   43  533  896 3.57 
  31   43  533  981 4.14 
  31   43  596  725 2.86 
  31   43  596  811 3.29 
  31   43  596  896 3.29 
  31   43  596  981 4.00 
  31   43  659  725 2.86 
  31   43  659  811 2.71 
  31   43  659  896 3.14 
  31   43  659  981 3.57 
  31   43  722  725 2.57 
  31   43  722  811 3.14 
  31   43  722  896 3.29 
  31   43  722  981 3.57 
  31  128  533  896 3.57 
  31  128  533  981 4.14 
  31  128  596  811 3.29 
  31  128  596  896 3.57 
  31  128  596  981 4.00 
  31  128  659  811 3.14 
  31  128  659  896 3.29 
  31  128  659  981 3.71 
  31  128  722  725 2.57 
  31  128  722  811 3.00 
  31  128  722  896 3.57 
  31  128  722  981 3.86 
  31  213  533  981 3.14 
  31  213  596  896 3.57 
  31  213  596  981 3.29 
  31  213  659  896 3.43 
  31  213  659  981 3.29 
  31  213  722  811 3.14 
  31  213  722  896 3.43 
  31  213  722  981 3.57 
  31  299  596  981 3.14 
  31  299  659  981 3.00 
  31  299  722  896 3.43 
  31  299  722  981 2.86 
  94   43  533  981 3.57 
  94   43  596  811 3.29 
  94   43  596  896 3.14 
  94   43  596  981 3.57 
  94   43  659  725 2.71 
  94   43  659  811 3.00 
  94   43  659  896 3.14 
  94   43  659  981 3.43 
  94   43  722  725 2.57 
  94   43  722  811 2.71 
  94   43  722  896 3.00 
  94   43  722  981 3.43 
  94  128  596  896 3.14 
  94  128  596  981 3.71 
  94  128  659  811 3.00 
  94  128  659  896 3.29 
  94  128  659  981 3.57 
  94  128  722  811 3.14 
  94  128  722  896 2.86 
  94  128  722  981 3.43 
  94  213  596  981 3.43 
  94  213  659  896 3.29 
  94  213  659  981 3.14 
  94  213  722  896 3.43 
  94  213  722  981 3.14 
  94  299  659  981 3.14 
  94  299  722  981 3.00 
 157   43  596  981 3.00 
 157   43  659  811 2.57 
 157   43  659  896 2.86 
 157   43  659  981 3.00 
 157   43  722  725 2.43 
 157   43  722  811 2.57 
 157   43  722  896 2.71 
 157   43  722  981 2.86 
 157  128  659  896 3.00 
 157  128  659  981 2.86 
 157  128  722  811 2.86 
 157  128  722  896 2.71 
 157  128  722  981 3.00 
 157  213  659  981 2.86 
 157  213  722  896 2.86 
 157  213  722  981 2.86 
 157  299  722  981 3.00 
 220   43  659  981 2.43 
 220   43  722  811 2.29 
 220   43  722  896 2.57 
 220   43  722  981 2.43 
 220  128  722  896 2.43 
 220  128  722  981 2.43 
 220  213  722  981 2.43 
