  40   43  674  811 2.00 
  40   43  674  896 2.00 
  40   43  674  981 2.00 
  40   43  753  725 2.57 
  40   43  753  811 3.57 
  40   43  753  896 3.43 
  40   43  753  981 3.00 
  40   43  832  725 2.71 
  40   43  832  811 4.00 
  40   43  832  896 3.86 
  40   43  832  981 4.43 
  40   43  911  725 3.00 
  40   43  911  811 4.43 
  40   43  911  896 4.43 
  40   43  911  981 4.29 
  40  128  674  896 2.00 
  40  128  674  981 1.71 
  40  128  753  811 3.14 
  40  128  753  896 3.14 
  40  128  753  981 3.14 
  40  128  832  811 4.14 
  40  128  832  896 4.14 
  40  128  832  981 3.71 
  40  128  911  725 3.14 
  40  128  911  811 4.43 
  40  128  911  896 4.14 
  40  128  911  981 4.00 
  40  213  674  981 2.14 
  40  213  753  896 3.14 
  40  213  753  981 2.71 
  40  213  832  896 4.00 
  40  213  832  981 3.71 
  40  213  911  811 4.57 
  40  213  911  896 3.71 
  40  213  911  981 3.57 
  40  299  753  981 2.71 
  40  299  832  981 3.43 
  40  299  911  896 3.43 
  40  299  911  981 3.29 
 119   43  674  981 1.71 
 119   43  753  811 3.43 
 119   43  753  896 3.57 
 119   43  753  981 3.14 
 119   43  832  725 2.57 
 119   43  832  811 3.86 
 119   43  832  896 4.14 
 119   43  832  981 4.14 
 119   43  911  725 2.86 
 119   43  911  811 3.86 
 119   43  911  896 4.29 
 119   43  911  981 4.29 
 119  128  753  896 3.43 
 119  128  753  981 3.14 
 119  128  832  811 4.29 
 119  128  832  896 4.14 
 119  128  832  981 3.86 
 119  128  911  811 4.29 
 119  128  911  896 4.14 
 119  128  911  981 3.86 
 119  213  753  981 3.29 
 119  213  832  896 4.14 
 119  213  832  981 3.57 
 119  213  911  896 3.71 
 119  213  911  981 3.29 
 119  299  832  981 3.14 
 119  299  911  981 3.57 
 198   43  753  981 3.86 
 198   43  832  811 3.86 
 198   43  832  896 3.71 
 198   43  832  981 3.71 
 198   43  911  725 2.71 
 198   43  911  811 3.14 
 198   43  911  896 3.57 
 198   43  911  981 3.14 
 198  128  832  896 3.71 
 198  128  832  981 3.57 
 198  128  911  811 3.29 
 198  128  911  896 3.29 
 198  128  911  981 3.14 
 198  213  832  981 3.29 
 198  213  911  896 3.00 
 198  213  911  981 3.00 
 198  299  911  981 3.00 
 277   43  832  981 1.14 
 277   43  911  811 1.57 
 277   43  911  896 1.29 
 277   43  911  981 1.29 
 277  128  911  896 1.71 
 277  128  911  981 1.29 
 277  213  911  981 1.71 
