  32   43  548  811 3.00 
  32   43  548  896 3.43 
  32   43  548  981 3.43 
  32   43  612  725 2.86 
  32   43  612  811 3.14 
  32   43  612  896 4.00 
  32   43  612  981 4.14 
  32   43  676  725 3.00 
  32   43  676  811 3.71 
  32   43  676  896 4.29 
  32   43  676  981 4.57 
  32   43  741  725 3.00 
  32   43  741  811 4.14 
  32   43  741  896 4.14 
  32   43  741  981 4.43 
  32  128  548  896 3.57 
  32  128  548  981 3.71 
  32  128  612  811 3.14 
  32  128  612  896 3.86 
  32  128  612  981 4.29 
  32  128  676  811 3.86 
  32  128  676  896 3.86 
  32  128  676  981 4.00 
  32  128  741  725 3.00 
  32  128  741  811 4.00 
  32  128  741  896 3.86 
  32  128  741  981 4.00 
  32  213  548  981 3.14 
  32  213  612  896 3.29 
  32  213  612  981 3.14 
  32  213  676  896 3.57 
  32  213  676  981 3.43 
  32  213  741  811 3.86 
  32  213  741  896 3.71 
  32  213  741  981 3.71 
  32  299  612  981 2.71 
  32  299  676  981 2.71 
  32  299  741  896 3.14 
  32  299  741  981 2.71 
  97   43  548  981 3.57 
  97   43  612  811 3.71 
  97   43  612  896 4.29 
  97   43  612  981 4.29 
  97   43  676  725 2.71 
  97   43  676  811 3.57 
  97   43  676  896 4.43 
  97   43  676  981 3.57 
  97   43  741  725 3.00 
  97   43  741  811 3.43 
  97   43  741  896 3.71 
  97   43  741  981 3.86 
  97  128  612  896 3.71 
  97  128  612  981 4.43 
  97  128  676  811 3.57 
  97  128  676  896 3.86 
  97  128  676  981 4.29 
  97  128  741  811 3.57 
  97  128  741  896 3.29 
  97  128  741  981 3.86 
  97  213  612  981 3.14 
  97  213  676  896 3.71 
  97  213  676  981 3.57 
  97  213  741  896 3.71 
  97  213  741  981 3.43 
  97  299  676  981 2.57 
  97  299  741  981 2.43 
 161   43  612  981 2.57 
 161   43  676  811 2.29 
 161   43  676  896 2.43 
 161   43  676  981 2.43 
 161   43  741  725 2.14 
 161   43  741  811 2.29 
 161   43  741  896 2.29 
 161   43  741  981 2.71 
 161  128  676  896 2.43 
 161  128  676  981 2.57 
 161  128  741  811 2.14 
 161  128  741  896 2.29 
 161  128  741  981 2.43 
 161  213  676  981 2.29 
 161  213  741  896 2.29 
 161  213  741  981 2.43 
 161  299  741  981 2.43 
 225   43  676  981 1.71 
 225   43  741  811 1.86 
 225   43  741  896 1.86 
 225   43  741  981 1.71 
 225  128  741  896 1.86 
 225  128  741  981 1.71 
 225  213  741  981 1.71 
