  29   43  494  811 3.29 
  29   43  494  896 4.00 
  29   43  494  981 3.86 
  29   43  553  725 2.57 
  29   43  553  811 3.14 
  29   43  553  896 4.43 
  29   43  553  981 4.43 
  29   43  611  725 2.86 
  29   43  611  811 3.14 
  29   43  611  896 4.57 
  29   43  611  981 4.29 
  29   43  669  725 2.57 
  29   43  669  811 3.29 
  29   43  669  896 3.86 
  29   43  669  981 4.00 
  29  128  494  896 3.86 
  29  128  494  981 3.57 
  29  128  553  811 3.29 
  29  128  553  896 4.43 
  29  128  553  981 3.86 
  29  128  611  811 3.86 
  29  128  611  896 4.43 
  29  128  611  981 4.43 
  29  128  669  725 2.57 
  29  128  669  811 4.00 
  29  128  669  896 4.43 
  29  128  669  981 4.00 
  29  213  494  981 3.29 
  29  213  553  896 3.86 
  29  213  553  981 3.29 
  29  213  611  896 4.00 
  29  213  611  981 3.71 
  29  213  669  811 3.86 
  29  213  669  896 4.29 
  29  213  669  981 3.57 
  29  299  553  981 3.29 
  29  299  611  981 3.57 
  29  299  669  896 3.57 
  29  299  669  981 3.57 
  87   43  494  981 -2.00 
  87   43  553  811 3.86 
  87   43  553  896 4.71 
  87   43  553  981 4.29 
  87   43  611  725 2.57 
  87   43  611  811 3.29 
  87   43  611  896 3.86 
  87   43  611  981 4.00 
  87   43  669  725 2.57 
  87   43  669  811 3.00 
  87   43  669  896 3.43 
  87   43  669  981 3.57 
  87  128  553  896 4.43 
  87  128  553  981 4.29 
  87  128  611  811 3.86 
  87  128  611  896 4.14 
  87  128  611  981 4.14 
  87  128  669  811 3.14 
  87  128  669  896 3.86 
  87  128  669  981 3.57 
  87  213  553  981 3.57 
  87  213  611  896 4.00 
  87  213  611  981 3.71 
  87  213  669  896 3.86 
  87  213  669  981 3.71 
  87  299  611  981 3.29 
  87  299  669  981 3.57 
 145   43  553  981 -2.00 
 145   43  611  811 3.14 
 145   43  611  896 3.29 
 145   43  611  981 3.71 
 145   43  669  725 2.57 
 145   43  669  811 2.71 
 145   43  669  896 3.14 
 145   43  669  981 3.43 
 145  128  611  896 3.71 
 145  128  611  981 3.43 
 145  128  669  811 3.43 
 145  128  669  896 3.57 
 145  128  669  981 3.14 
 145  213  611  981 3.43 
 145  213  669  896 3.29 
 145  213  669  981 3.14 
 145  299  669  981 3.14 
 204   43  611  981 -2.00 
 204   43  669  811 2.71 
 204   43  669  896 2.86 
 204   43  669  981 3.14 
 204  128  669  896 3.00 
 204  128  669  981 3.00 
 204  213  669  981 3.00 
