  28   43  477  811 1.00 
  28   43  477  896 1.00 
  28   43  477  981 1.00 
  28   43  534  725 1.57 
  28   43  534  811 1.57 
  28   43  534  896 1.57 
  28   43  534  981 1.57 
  28   43  590  725 2.43 
  28   43  590  811 1.71 
  28   43  590  896 2.71 
  28   43  590  981 3.00 
  28   43  646  725 2.29 
  28   43  646  811 1.71 
  28   43  646  896 3.14 
  28   43  646  981 4.14 
  28  128  477  896 1.00 
  28  128  477  981 1.00 
  28  128  534  811 1.57 
  28  128  534  896 1.57 
  28  128  534  981 1.57 
  28  128  590  811 1.71 
  28  128  590  896 2.71 
  28  128  590  981 2.86 
  28  128  646  725 2.43 
  28  128  646  811 1.71 
  28  128  646  896 3.29 
  28  128  646  981 3.86 
  28  213  477  981 1.00 
  28  213  534  896 1.57 
  28  213  534  981 1.57 
  28  213  590  896 2.86 
  28  213  590  981 3.00 
  28  213  646  811 1.71 
  28  213  646  896 3.71 
  28  213  646  981 3.14 
  28  299  534  981 1.57 
  28  299  590  981 2.86 
  28  299  646  896 3.29 
  28  299  646  981 3.71 
  84   43  477  981 -2.00 
  84   43  534  811 1.57 
  84   43  534  896 1.71 
  84   43  534  981 1.71 
  84   43  590  725 2.86 
  84   43  590  811 1.71 
  84   43  590  896 2.57 
  84   43  590  981 2.86 
  84   43  646  725 2.29 
  84   43  646  811 1.71 
  84   43  646  896 3.43 
  84   43  646  981 4.14 
  84  128  534  896 1.57 
  84  128  534  981 1.57 
  84  128  590  811 1.71 
  84  128  590  896 2.86 
  84  128  590  981 2.86 
  84  128  646  811 1.71 
  84  128  646  896 3.57 
  84  128  646  981 3.71 
  84  213  534  981 1.57 
  84  213  590  896 2.86 
  84  213  590  981 2.86 
  84  213  646  896 3.57 
  84  213  646  981 3.57 
  84  299  590  981 2.86 
  84  299  646  981 3.43 
 140   43  534  981 -2.00 
 140   43  590  811 1.86 
 140   43  590  896 2.86 
 140   43  590  981 2.86 
 140   43  646  725 2.57 
 140   43  646  811 1.86 
 140   43  646  896 3.29 
 140   43  646  981 4.14 
 140  128  590  896 2.71 
 140  128  590  981 2.86 
 140  128  646  811 1.71 
 140  128  646  896 3.43 
 140  128  646  981 4.14 
 140  213  590  981 2.71 
 140  213  646  896 3.57 
 140  213  646  981 3.57 
 140  299  646  981 3.43 
 197   43  590  981 -2.00 
 197   43  646  811 1.86 
 197   43  646  896 3.29 
 197   43  646  981 3.86 
 197  128  646  896 3.43 
 197  128  646  981 3.86 
 197  213  646  981 3.71 
