  43   24  725  456 3.00 
  43   24  725  504 3.00 
  43   24  725  552 3.00 
  43   24  811  408 2.86 
  43   24  811  456 3.00 
  43   24  811  504 3.00 
  43   24  811  552 3.00 
  43   24  896  408 -2.00 
  43   24  896  456 3.29 
  43   24  896  504 3.71 
  43   24  896  552 3.86 
  43   24  981  408 -2.00 
  43   24  981  456 -2.00 
  43   24  981  504 3.57 
  43   24  981  552 4.00 
  43   72  725  504 3.00 
  43   72  725  552 3.00 
  43   72  811  456 2.86 
  43   72  811  504 3.00 
  43   72  811  552 3.00 
  43   72  896  456 -2.00 
  43   72  896  504 3.29 
  43   72  896  552 3.29 
  43   72  981  408 -2.00 
  43   72  981  456 -2.00 
  43   72  981  504 -2.00 
  43   72  981  552 3.71 
  43  120  725  552 3.00 
  43  120  811  504 3.00 
  43  120  811  552 3.00 
  43  120  896  504 -2.00 
  43  120  896  552 3.14 
  43  120  981  456 -2.00 
  43  120  981  504 -2.00 
  43  120  981  552 -2.00 
  43  168  811  552 3.00 
  43  168  896  552 -2.00 
  43  168  981  504 -2.00 
  43  168  981  552 -2.00 
 128   24  725  552 3.43 
 128   24  811  456 3.43 
 128   24  811  504 3.71 
 128   24  811  552 4.00 
 128   24  896  408 3.00 
 128   24  896  456 3.43 
 128   24  896  504 3.86 
 128   24  896  552 4.14 
 128   24  981  408 -2.00 
 128   24  981  456 3.14 
 128   24  981  504 3.57 
 128   24  981  552 3.71 
 128   72  811  504 3.71 
 128   72  811  552 3.86 
 128   72  896  456 3.14 
 128   72  896  504 3.86 
 128   72  896  552 4.14 
 128   72  981  456 -2.00 
 128   72  981  504 3.43 
 128   72  981  552 3.43 
 128  120  811  552 3.57 
 128  120  896  504 3.71 
 128  120  896  552 3.86 
 128  120  981  504 -2.00 
 128  120  981  552 3.43 
 128  168  896  552 3.43 
 128  168  981  552 -2.00 
 213   24  811  552 3.43 
 213   24  896  456 3.14 
 213   24  896  504 3.29 
 213   24  896  552 3.14 
 213   24  981  408 2.86 
 213   24  981  456 2.86 
 213   24  981  504 3.14 
 213   24  981  552 3.00 
 213   72  896  504 3.14 
 213   72  896  552 3.29 
 213   72  981  456 3.00 
 213   72  981  504 3.00 
 213   72  981  552 3.00 
 213  120  896  552 3.29 
 213  120  981  504 3.14 
 213  120  981  552 3.00 
 213  168  981  552 3.00 
 299   24  896  552 2.71 
 299   24  981  456 2.57 
 299   24  981  504 2.57 
 299   24  981  552 2.43 
 299   72  981  504 2.71 
 299   72  981  552 2.57 
 299  120  981  552 2.57 
