  28   43  472  811 2.00 
  28   43  472  896 1.57 
  28   43  472  981 1.57 
  28   43  528  725 3.00 
  28   43  528  811 2.71 
  28   43  528  896 2.57 
  28   43  528  981 2.71 
  28   43  584  725 3.29 
  28   43  584  811 3.14 
  28   43  584  896 2.86 
  28   43  584  981 2.71 
  28   43  639  725 4.14 
  28   43  639  811 4.00 
  28   43  639  896 4.14 
  28   43  639  981 3.86 
  28  128  472  896 2.00 
  28  128  472  981 1.86 
  28  128  528  811 2.57 
  28  128  528  896 2.57 
  28  128  528  981 2.29 
  28  128  584  811 2.86 
  28  128  584  896 3.00 
  28  128  584  981 2.57 
  28  128  639  725 3.71 
  28  128  639  811 3.14 
  28  128  639  896 2.71 
  28  128  639  981 2.71 
  28  213  472  981 1.00 
  28  213  528  896 1.71 
  28  213  528  981 1.71 
  28  213  584  896 1.86 
  28  213  584  981 1.71 
  28  213  639  811 1.71 
  28  213  639  896 1.71 
  28  213  639  981 1.71 
  28  299  528  981 1.00 
  28  299  584  981 1.00 
  28  299  639  896 1.00 
  28  299  639  981 1.00 
  83   43  472  981 -2.00 
  83   43  528  811 2.86 
  83   43  528  896 2.57 
  83   43  528  981 2.14 
  83   43  584  725 3.43 
  83   43  584  811 3.43 
  83   43  584  896 3.29 
  83   43  584  981 3.00 
  83   43  639  725 4.14 
  83   43  639  811 4.14 
  83   43  639  896 3.43 
  83   43  639  981 3.43 
  83  128  528  896 2.43 
  83  128  528  981 2.29 
  83  128  584  811 2.86 
  83  128  584  896 2.71 
  83  128  584  981 2.57 
  83  128  639  811 3.00 
  83  128  639  896 3.00 
  83  128  639  981 2.86 
  83  213  528  981 1.43 
  83  213  584  896 1.71 
  83  213  584  981 1.71 
  83  213  639  896 1.71 
  83  213  639  981 1.71 
  83  299  584  981 1.00 
  83  299  639  981 1.00 
 139   43  528  981 -2.00 
 139   43  584  811 3.43 
 139   43  584  896 2.57 
 139   43  584  981 2.71 
 139   43  639  725 3.86 
 139   43  639  811 3.57 
 139   43  639  896 4.00 
 139   43  639  981 3.71 
 139  128  584  896 2.86 
 139  128  584  981 2.29 
 139  128  639  811 2.86 
 139  128  639  896 2.71 
 139  128  639  981 2.71 
 139  213  584  981 1.71 
 139  213  639  896 1.71 
 139  213  639  981 1.71 
 139  299  639  981 1.00 
 195   43  584  981 -2.00 
 195   43  639  811 1.86 
 195   43  639  896 1.71 
 195   43  639  981 1.71 
 195  128  639  896 1.86 
 195  128  639  981 1.86 
 195  213  639  981 1.71 
