  33   43  566  811 3.43 
  33   43  566  896 3.86 
  33   43  566  981 3.71 
  33   43  633  725 2.71 
  33   43  633  811 3.00 
  33   43  633  896 3.57 
  33   43  633  981 3.86 
  33   43  699  725 2.57 
  33   43  699  811 2.71 
  33   43  699  896 3.71 
  33   43  699  981 3.86 
  33   43  766  725 2.00 
  33   43  766  811 2.43 
  33   43  766  896 2.86 
  33   43  766  981 3.00 
  33  128  566  896 3.43 
  33  128  566  981 3.86 
  33  128  633  811 3.43 
  33  128  633  896 3.43 
  33  128  633  981 3.29 
  33  128  699  811 3.71 
  33  128  699  896 3.57 
  33  128  699  981 3.57 
  33  128  766  725 2.14 
  33  128  766  811 3.14 
  33  128  766  896 3.00 
  33  128  766  981 2.57 
  33  213  566  981 3.29 
  33  213  633  896 3.57 
  33  213  633  981 3.14 
  33  213  699  896 3.71 
  33  213  699  981 3.14 
  33  213  766  811 3.14 
  33  213  766  896 3.00 
  33  213  766  981 2.71 
  33  299  633  981 2.57 
  33  299  699  981 2.71 
  33  299  766  896 2.71 
  33  299  766  981 2.43 
 100   43  566  981 3.43 
 100   43  633  811 3.14 
 100   43  633  896 4.14 
 100   43  633  981 3.29 
 100   43  699  725 2.57 
 100   43  699  811 3.00 
 100   43  699  896 3.43 
 100   43  699  981 3.71 
 100   43  766  725 2.00 
 100   43  766  811 2.43 
 100   43  766  896 2.71 
 100   43  766  981 3.00 
 100  128  633  896 3.86 
 100  128  633  981 3.86 
 100  128  699  811 3.00 
 100  128  699  896 3.71 
 100  128  699  981 3.14 
 100  128  766  811 3.29 
 100  128  766  896 3.00 
 100  128  766  981 2.71 
 100  213  633  981 3.00 
 100  213  699  896 3.29 
 100  213  699  981 3.14 
 100  213  766  896 2.57 
 100  213  766  981 2.43 
 100  299  699  981 2.71 
 100  299  766  981 2.57 
 166   43  633  981 3.71 
 166   43  699  811 2.71 
 166   43  699  896 3.14 
 166   43  699  981 3.29 
 166   43  766  725 2.43 
 166   43  766  811 2.14 
 166   43  766  896 2.57 
 166   43  766  981 2.43 
 166  128  699  896 3.29 
 166  128  699  981 3.00 
 166  128  766  811 2.57 
 166  128  766  896 2.57 
 166  128  766  981 2.57 
 166  213  699  981 3.00 
 166  213  766  896 2.86 
 166  213  766  981 2.43 
 166  299  766  981 2.71 
 233   43  699  981 3.00 
 233   43  766  811 2.29 
 233   43  766  896 2.43 
 233   43  766  981 2.71 
 233  128  766  896 2.57 
 233  128  766  981 2.43 
 233  213  766  981 2.57 
