  28   43  476  811 4.14 
  28   43  476  896 3.71 
  28   43  476  981 3.57 
  28   43  532  725 3.86 
  28   43  532  811 3.57 
  28   43  532  896 3.86 
  28   43  532  981 3.86 
  28   43  588  725 4.14 
  28   43  588  811 4.29 
  28   43  588  896 3.86 
  28   43  588  981 3.86 
  28   43  644  725 4.00 
  28   43  644  811 4.14 
  28   43  644  896 3.86 
  28   43  644  981 4.00 
  28  128  476  896 2.14 
  28  128  476  981 2.14 
  28  128  532  811 2.57 
  28  128  532  896 2.43 
  28  128  532  981 2.29 
  28  128  588  811 2.57 
  28  128  588  896 2.29 
  28  128  588  981 2.00 
  28  128  644  725 2.57 
  28  128  644  811 2.43 
  28  128  644  896 2.43 
  28  128  644  981 2.29 
  28  213  476  981 1.00 
  28  213  532  896 1.00 
  28  213  532  981 1.00 
  28  213  588  896 1.14 
  28  213  588  981 1.14 
  28  213  644  811 1.00 
  28  213  644  896 1.14 
  28  213  644  981 1.14 
  28  299  532  981 1.00 
  28  299  588  981 1.00 
  28  299  644  896 1.00 
  28  299  644  981 1.00 
  84   43  476  981 -2.00 
  84   43  532  811 3.57 
  84   43  532  896 3.29 
  84   43  532  981 2.86 
  84   43  588  725 3.43 
  84   43  588  811 3.57 
  84   43  588  896 3.14 
  84   43  588  981 3.00 
  84   43  644  725 3.14 
  84   43  644  811 3.00 
  84   43  644  896 3.00 
  84   43  644  981 3.14 
  84  128  532  896 2.29 
  84  128  532  981 1.86 
  84  128  588  811 2.43 
  84  128  588  896 2.43 
  84  128  588  981 2.14 
  84  128  644  811 2.29 
  84  128  644  896 2.14 
  84  128  644  981 2.00 
  84  213  532  981 1.00 
  84  213  588  896 1.14 
  84  213  588  981 1.00 
  84  213  644  896 1.14 
  84  213  644  981 1.14 
  84  299  588  981 1.00 
  84  299  644  981 1.00 
 140   43  532  981 -2.00 
 140   43  588  811 2.14 
 140   43  588  896 1.86 
 140   43  588  981 2.00 
 140   43  644  725 2.00 
 140   43  644  811 2.00 
 140   43  644  896 2.00 
 140   43  644  981 1.71 
 140  128  588  896 1.57 
 140  128  588  981 1.86 
 140  128  644  811 1.71 
 140  128  644  896 1.71 
 140  128  644  981 1.71 
 140  213  588  981 1.00 
 140  213  644  896 1.00 
 140  213  644  981 1.00 
 140  299  644  981 1.00 
 196   43  588  981 -2.00 
 196   43  644  811 1.43 
 196   43  644  896 1.29 
 196   43  644  981 1.43 
 196  128  644  896 1.29 
 196  128  644  981 1.29 
 196  213  644  981 1.00 
