  31   43  524  811 2.71 
  31   43  524  896 2.71 
  31   43  524  981 2.43 
  31   43  586  725 2.43 
  31   43  586  811 3.00 
  31   43  586  896 3.29 
  31   43  586  981 2.86 
  31   43  648  725 2.86 
  31   43  648  811 3.86 
  31   43  648  896 3.43 
  31   43  648  981 3.43 
  31   43  709  725 4.00 
  31   43  709  811 4.71 
  31   43  709  896 4.43 
  31   43  709  981 4.14 
  31  128  524  896 2.71 
  31  128  524  981 2.57 
  31  128  586  811 2.43 
  31  128  586  896 2.57 
  31  128  586  981 2.86 
  31  128  648  811 3.57 
  31  128  648  896 3.43 
  31  128  648  981 2.86 
  31  128  709  725 4.57 
  31  128  709  811 4.43 
  31  128  709  896 4.00 
  31  128  709  981 3.57 
  31  213  524  981 2.71 
  31  213  586  896 2.29 
  31  213  586  981 2.43 
  31  213  648  896 3.00 
  31  213  648  981 3.29 
  31  213  709  811 4.14 
  31  213  709  896 3.57 
  31  213  709  981 3.43 
  31  299  586  981 2.43 
  31  299  648  981 3.29 
  31  299  709  896 3.43 
  31  299  709  981 3.29 
  93   43  524  981 2.71 
  93   43  586  811 3.43 
  93   43  586  896 3.29 
  93   43  586  981 2.86 
  93   43  648  725 3.57 
  93   43  648  811 4.00 
  93   43  648  896 4.00 
  93   43  648  981 3.86 
  93   43  709  725 3.86 
  93   43  709  811 4.43 
  93   43  709  896 4.29 
  93   43  709  981 4.14 
  93  128  586  896 3.14 
  93  128  586  981 2.86 
  93  128  648  811 3.71 
  93  128  648  896 3.29 
  93  128  648  981 3.57 
  93  128  709  811 4.57 
  93  128  709  896 3.86 
  93  128  709  981 3.57 
  93  213  586  981 2.86 
  93  213  648  896 3.29 
  93  213  648  981 3.14 
  93  213  709  896 3.43 
  93  213  709  981 3.57 
  93  299  648  981 2.86 
  93  299  709  981 3.29 
 154   43  586  981 2.00 
 154   43  648  811 2.29 
 154   43  648  896 2.29 
 154   43  648  981 2.43 
 154   43  709  725 2.29 
 154   43  709  811 2.29 
 154   43  709  896 2.43 
 154   43  709  981 2.57 
 154  128  648  896 2.29 
 154  128  648  981 2.43 
 154  128  709  811 2.29 
 154  128  709  896 2.29 
 154  128  709  981 2.43 
 154  213  648  981 2.43 
 154  213  709  896 2.43 
 154  213  709  981 2.29 
 154  299  709  981 2.29 
 216   43  648  981 1.00 
 216   43  709  811 1.14 
 216   43  709  896 1.14 
 216   43  709  981 1.14 
 216  128  709  896 1.14 
 216  128  709  981 1.00 
 216  213  709  981 1.14 
