  37   43  629  811 2.43 
  37   43  629  896 2.86 
  37   43  629  981 2.86 
  37   43  703  725 3.29 
  37   43  703  811 3.14 
  37   43  703  896 3.29 
  37   43  703  981 3.57 
  37   43  777  725 3.86 
  37   43  777  811 3.71 
  37   43  777  896 4.14 
  37   43  777  981 3.86 
  37   43  851  725 3.71 
  37   43  851  811 3.86 
  37   43  851  896 3.86 
  37   43  851  981 4.14 
  37  128  629  896 2.00 
  37  128  629  981 1.71 
  37  128  703  811 2.29 
  37  128  703  896 2.14 
  37  128  703  981 2.29 
  37  128  777  811 2.57 
  37  128  777  896 2.43 
  37  128  777  981 2.29 
  37  128  851  725 2.86 
  37  128  851  811 2.71 
  37  128  851  896 2.57 
  37  128  851  981 2.29 
  37  213  629  981 1.57 
  37  213  703  896 2.14 
  37  213  703  981 1.57 
  37  213  777  896 2.29 
  37  213  777  981 2.14 
  37  213  851  811 2.57 
  37  213  851  896 2.29 
  37  213  851  981 2.29 
  37  299  703  981 1.57 
  37  299  777  981 1.71 
  37  299  851  896 1.71 
  37  299  851  981 1.71 
 111   43  629  981 2.86 
 111   43  703  811 3.57 
 111   43  703  896 3.71 
 111   43  703  981 4.00 
 111   43  777  725 3.71 
 111   43  777  811 3.86 
 111   43  777  896 4.14 
 111   43  777  981 3.86 
 111   43  851  725 3.86 
 111   43  851  811 3.71 
 111   43  851  896 3.57 
 111   43  851  981 3.86 
 111  128  703  896 2.43 
 111  128  703  981 2.14 
 111  128  777  811 2.71 
 111  128  777  896 2.71 
 111  128  777  981 2.57 
 111  128  851  811 2.57 
 111  128  851  896 2.57 
 111  128  851  981 2.29 
 111  213  703  981 1.71 
 111  213  777  896 2.29 
 111  213  777  981 2.00 
 111  213  851  896 2.43 
 111  213  851  981 1.86 
 111  299  777  981 1.57 
 111  299  851  981 1.57 
 185   43  703  981 4.29 
 185   43  777  811 3.57 
 185   43  777  896 3.86 
 185   43  777  981 3.86 
 185   43  851  725 3.57 
 185   43  851  811 3.86 
 185   43  851  896 3.57 
 185   43  851  981 3.71 
 185  128  777  896 2.57 
 185  128  777  981 2.29 
 185  128  851  811 2.43 
 185  128  851  896 2.57 
 185  128  851  981 2.57 
 185  213  777  981 1.86 
 185  213  851  896 2.43 
 185  213  851  981 1.86 
 185  299  851  981 1.71 
 259   43  777  981 3.43 
 259   43  851  811 3.00 
 259   43  851  896 3.29 
 259   43  851  981 3.00 
 259  128  851  896 2.29 
 259  128  851  981 2.29 
 259  213  851  981 1.86 
