  28   43  472  811 2.71 
  28   43  472  896 2.71 
  28   43  472  981 2.71 
  28   43  527  725 2.86 
  28   43  527  811 3.29 
  28   43  527  896 3.57 
  28   43  527  981 3.86 
  28   43  583  725 3.14 
  28   43  583  811 3.14 
  28   43  583  896 4.14 
  28   43  583  981 4.57 
  28   43  638  725 2.86 
  28   43  638  811 2.86 
  28   43  638  896 3.43 
  28   43  638  981 3.57 
  28  128  472  896 3.00 
  28  128  472  981 3.00 
  28  128  527  811 3.14 
  28  128  527  896 3.57 
  28  128  527  981 4.14 
  28  128  583  811 3.71 
  28  128  583  896 4.43 
  28  128  583  981 4.86 
  28  128  638  725 3.43 
  28  128  638  811 3.00 
  28  128  638  896 3.43 
  28  128  638  981 3.86 
  28  213  472  981 2.86 
  28  213  527  896 3.86 
  28  213  527  981 3.43 
  28  213  583  896 4.43 
  28  213  583  981 3.86 
  28  213  638  811 3.57 
  28  213  638  896 3.43 
  28  213  638  981 3.14 
  28  299  527  981 2.29 
  28  299  583  981 2.86 
  28  299  638  896 2.43 
  28  299  638  981 2.43 
  83   43  472  981 -2.00 
  83   43  527  811 3.71 
  83   43  527  896 4.29 
  83   43  527  981 4.71 
  83   43  583  725 3.00 
  83   43  583  811 3.00 
  83   43  583  896 3.71 
  83   43  583  981 3.86 
  83   43  638  725 2.71 
  83   43  638  811 2.86 
  83   43  638  896 3.00 
  83   43  638  981 3.71 
  83  128  527  896 4.43 
  83  128  527  981 4.71 
  83  128  583  811 3.86 
  83  128  583  896 4.14 
  83  128  583  981 4.71 
  83  128  638  811 3.14 
  83  128  638  896 3.57 
  83  128  638  981 3.29 
  83  213  527  981 4.00 
  83  213  583  896 4.14 
  83  213  583  981 3.43 
  83  213  638  896 3.14 
  83  213  638  981 3.00 
  83  299  583  981 2.57 
  83  299  638  981 2.43 
 139   43  527  981 -2.00 
 139   43  583  811 3.29 
 139   43  583  896 3.29 
 139   43  583  981 3.86 
 139   43  638  725 3.00 
 139   43  638  811 3.00 
 139   43  638  896 3.14 
 139   43  638  981 3.00 
 139  128  583  896 3.71 
 139  128  583  981 4.00 
 139  128  638  811 2.86 
 139  128  638  896 3.29 
 139  128  638  981 3.43 
 139  213  583  981 3.43 
 139  213  638  896 3.29 
 139  213  638  981 3.00 
 139  299  638  981 2.43 
 194   43  583  981 -2.00 
 194   43  638  811 3.00 
 194   43  638  896 3.00 
 194   43  638  981 3.00 
 194  128  638  896 3.14 
 194  128  638  981 3.00 
 194  213  638  981 3.00 
