  23   43  388  811 3.57 
  23   43  388  896 -2.00 
  23   43  388  981 -2.00 
  23   43  434  725 3.57 
  23   43  434  811 4.71 
  23   43  434  896 4.00 
  23   43  434  981 -2.00 
  23   43  480  725 3.29 
  23   43  480  811 4.71 
  23   43  480  896 4.14 
  23   43  480  981 3.43 
  23   43  525  725 3.71 
  23   43  525  811 4.29 
  23   43  525  896 3.71 
  23   43  525  981 3.14 
  23  128  388  896 3.14 
  23  128  388  981 -2.00 
  23  128  434  811 3.57 
  23  128  434  896 3.00 
  23  128  434  981 3.00 
  23  128  480  811 3.29 
  23  128  480  896 2.71 
  23  128  480  981 2.86 
  23  128  525  725 4.57 
  23  128  525  811 3.29 
  23  128  525  896 3.00 
  23  128  525  981 2.86 
  23  213  388  981 2.57 
  23  213  434  896 2.14 
  23  213  434  981 2.43 
  23  213  480  896 2.29 
  23  213  480  981 2.29 
  23  213  525  811 2.43 
  23  213  525  896 2.43 
  23  213  525  981 2.14 
  23  299  434  981 1.29 
  23  299  480  981 1.14 
  23  299  525  896 1.43 
  23  299  525  981 1.29 
  69   43  388  981 -2.00 
  69   43  434  811 4.57 
  69   43  434  896 -2.00 
  69   43  434  981 -2.00 
  69   43  480  725 3.43 
  69   43  480  811 4.29 
  69   43  480  896 4.00 
  69   43  480  981 -2.00 
  69   43  525  725 3.43 
  69   43  525  811 4.14 
  69   43  525  896 3.57 
  69   43  525  981 3.14 
  69  128  434  896 3.00 
  69  128  434  981 -2.00 
  69  128  480  811 3.57 
  69  128  480  896 3.00 
  69  128  480  981 2.86 
  69  128  525  811 3.29 
  69  128  525  896 2.86 
  69  128  525  981 2.86 
  69  213  434  981 2.43 
  69  213  480  896 2.29 
  69  213  480  981 2.29 
  69  213  525  896 2.43 
  69  213  525  981 2.43 
  69  299  480  981 1.29 
  69  299  525  981 1.57 
 114   43  434  981 -2.00 
 114   43  480  811 3.29 
 114   43  480  896 -2.00 
 114   43  480  981 -2.00 
 114   43  525  725 3.14 
 114   43  525  811 3.29 
 114   43  525  896 3.00 
 114   43  525  981 -2.00 
 114  128  480  896 2.71 
 114  128  480  981 -2.00 
 114  128  525  811 3.00 
 114  128  525  896 2.71 
 114  128  525  981 2.43 
 114  213  480  981 2.29 
 114  213  525  896 2.29 
 114  213  525  981 2.43 
 114  299  525  981 1.29 
 160   43  480  981 -2.00 
 160   43  525  811 1.71 
 160   43  525  896 -2.00 
 160   43  525  981 -2.00 
 160  128  525  896 1.86 
 160  128  525  981 -2.00 
 160  213  525  981 1.71 
