  32   43  545  811 1.43 
  32   43  545  896 2.00 
  32   43  545  981 1.86 
  32   43  609  725 2.00 
  32   43  609  811 2.57 
  32   43  609  896 2.57 
  32   43  609  981 2.86 
  32   43  673  725 2.29 
  32   43  673  811 3.00 
  32   43  673  896 4.00 
  32   43  673  981 3.71 
  32   43  737  725 2.29 
  32   43  737  811 3.00 
  32   43  737  896 4.29 
  32   43  737  981 4.00 
  32  128  545  896 1.86 
  32  128  545  981 1.71 
  32  128  609  811 2.43 
  32  128  609  896 2.71 
  32  128  609  981 2.71 
  32  128  673  811 3.14 
  32  128  673  896 4.00 
  32  128  673  981 3.29 
  32  128  737  725 2.43 
  32  128  737  811 3.43 
  32  128  737  896 4.14 
  32  128  737  981 3.71 
  32  213  545  981 1.57 
  32  213  609  896 2.86 
  32  213  609  981 2.86 
  32  213  673  896 3.43 
  32  213  673  981 3.14 
  32  213  737  811 4.00 
  32  213  737  896 4.00 
  32  213  737  981 3.29 
  32  299  609  981 2.57 
  32  299  673  981 3.00 
  32  299  737  896 3.43 
  32  299  737  981 3.14 
  96   43  545  981 2.00 
  96   43  609  811 2.71 
  96   43  609  896 3.29 
  96   43  609  981 3.00 
  96   43  673  725 2.29 
  96   43  673  811 3.00 
  96   43  673  896 4.29 
  96   43  673  981 4.00 
  96   43  737  725 2.29 
  96   43  737  811 3.14 
  96   43  737  896 4.29 
  96   43  737  981 4.29 
  96  128  609  896 2.86 
  96  128  609  981 3.14 
  96  128  673  811 3.29 
  96  128  673  896 4.43 
  96  128  673  981 3.29 
  96  128  737  811 3.57 
  96  128  737  896 4.29 
  96  128  737  981 3.57 
  96  213  609  981 2.86 
  96  213  673  896 3.71 
  96  213  673  981 3.14 
  96  213  737  896 3.86 
  96  213  737  981 3.14 
  96  299  673  981 3.14 
  96  299  737  981 3.14 
 160   43  609  981 3.57 
 160   43  673  811 3.43 
 160   43  673  896 4.43 
 160   43  673  981 4.57 
 160   43  737  725 2.57 
 160   43  737  811 3.29 
 160   43  737  896 4.43 
 160   43  737  981 4.14 
 160  128  673  896 4.29 
 160  128  673  981 3.71 
 160  128  737  811 3.57 
 160  128  737  896 4.43 
 160  128  737  981 3.57 
 160  213  673  981 3.14 
 160  213  737  896 4.14 
 160  213  737  981 3.14 
 160  299  737  981 3.14 
 224   43  673  981 4.43 
 224   43  737  811 3.14 
 224   43  737  896 4.43 
 224   43  737  981 4.00 
 224  128  737  896 4.43 
 224  128  737  981 3.71 
 224  213  737  981 3.14 
