  25   43  428  811 1.57 
  25   43  428  896 1.57 
  25   43  428  981 -2.00 
  25   43  478  725 2.57 
  25   43  478  811 2.29 
  25   43  478  896 2.71 
  25   43  478  981 2.57 
  25   43  529  725 3.57 
  25   43  529  811 3.86 
  25   43  529  896 3.00 
  25   43  529  981 3.14 
  25   43  579  725 4.14 
  25   43  579  811 4.00 
  25   43  579  896 4.00 
  25   43  579  981 3.43 
  25  128  428  896 1.14 
  25  128  428  981 1.43 
  25  128  478  811 2.29 
  25  128  478  896 1.86 
  25  128  478  981 1.86 
  25  128  529  811 2.57 
  25  128  529  896 2.14 
  25  128  529  981 2.00 
  25  128  579  725 3.00 
  25  128  579  811 2.71 
  25  128  579  896 2.29 
  25  128  579  981 1.86 
  25  213  428  981 1.00 
  25  213  478  896 1.57 
  25  213  478  981 1.00 
  25  213  529  896 1.43 
  25  213  529  981 1.43 
  25  213  579  811 1.86 
  25  213  579  896 1.29 
  25  213  579  981 1.57 
  25  299  478  981 1.00 
  25  299  529  981 1.00 
  25  299  579  896 1.00 
  25  299  579  981 1.00 
  76   43  428  981 -2.00 
  76   43  478  811 3.29 
  76   43  478  896 2.57 
  76   43  478  981 -2.00 
  76   43  529  725 4.00 
  76   43  529  811 3.86 
  76   43  529  896 3.14 
  76   43  529  981 3.57 
  76   43  579  725 3.71 
  76   43  579  811 4.29 
  76   43  579  896 3.57 
  76   43  579  981 3.29 
  76  128  478  896 2.00 
  76  128  478  981 1.86 
  76  128  529  811 2.43 
  76  128  529  896 2.14 
  76  128  529  981 1.86 
  76  128  579  811 2.57 
  76  128  579  896 2.14 
  76  128  579  981 2.00 
  76  213  478  981 1.00 
  76  213  529  896 1.57 
  76  213  529  981 1.29 
  76  213  579  896 1.14 
  76  213  579  981 1.29 
  76  299  529  981 1.00 
  76  299  579  981 1.00 
 126   43  478  981 -2.00 
 126   43  529  811 3.86 
 126   43  529  896 3.29 
 126   43  529  981 -2.00 
 126   43  579  725 4.29 
 126   43  579  811 4.14 
 126   43  579  896 3.86 
 126   43  579  981 3.57 
 126  128  529  896 2.29 
 126  128  529  981 2.14 
 126  128  579  811 2.43 
 126  128  579  896 2.14 
 126  128  579  981 2.29 
 126  213  529  981 1.57 
 126  213  579  896 1.71 
 126  213  579  981 1.57 
 126  299  579  981 1.00 
 176   43  529  981 -2.00 
 176   43  579  811 3.71 
 176   43  579  896 3.43 
 176   43  579  981 -2.00 
 176  128  579  896 2.43 
 176  128  579  981 2.29 
 176  213  579  981 1.29 
