  43   28  725  535 3.71 
  43   28  725  592 4.29 
  43   28  725  648 3.86 
  43   28  811  479 3.86 
  43   28  811  535 3.86 
  43   28  811  592 4.00 
  43   28  811  648 4.29 
  43   28  896  479 3.71 
  43   28  896  535 3.86 
  43   28  896  592 4.00 
  43   28  896  648 4.29 
  43   28  981  479 -2.00 
  43   28  981  535 3.71 
  43   28  981  592 3.86 
  43   28  981  648 4.14 
  43   85  725  592 4.00 
  43   85  725  648 3.57 
  43   85  811  535 4.00 
  43   85  811  592 3.71 
  43   85  811  648 3.71 
  43   85  896  535 3.71 
  43   85  896  592 3.57 
  43   85  896  648 3.43 
  43   85  981  479 -2.00 
  43   85  981  535 -2.00 
  43   85  981  592 3.71 
  43   85  981  648 3.29 
  43  141  725  648 2.14 
  43  141  811  592 2.29 
  43  141  811  648 2.14 
  43  141  896  592 2.29 
  43  141  896  648 2.14 
  43  141  981  535 -2.00 
  43  141  981  592 -2.00 
  43  141  981  648 2.00 
  43  197  811  648 1.57 
  43  197  896  648 1.00 
  43  197  981  592 -2.00 
  43  197  981  648 -2.00 
 128   28  725  648 1.43 
 128   28  811  535 1.71 
 128   28  811  592 1.43 
 128   28  811  648 1.43 
 128   28  896  479 1.57 
 128   28  896  535 1.71 
 128   28  896  592 1.86 
 128   28  896  648 1.43 
 128   28  981  479 1.57 
 128   28  981  535 1.43 
 128   28  981  592 1.86 
 128   28  981  648 1.43 
 128   85  811  592 1.71 
 128   85  811  648 1.43 
 128   85  896  535 1.57 
 128   85  896  592 1.57 
 128   85  896  648 1.71 
 128   85  981  535 1.57 
 128   85  981  592 1.57 
 128   85  981  648 1.86 
 128  141  811  648 1.29 
 128  141  896  592 1.29 
 128  141  896  648 1.43 
 128  141  981  592 1.43 
 128  141  981  648 1.43 
 128  197  896  648 1.00 
 128  197  981  648 1.00 
 213   28  811  648 1.29 
 213   28  896  535 1.14 
 213   28  896  592 1.14 
 213   28  896  648 1.14 
 213   28  981  479 1.00 
 213   28  981  535 1.14 
 213   28  981  592 1.29 
 213   28  981  648 1.14 
 213   85  896  592 1.14 
 213   85  896  648 1.14 
 213   85  981  535 1.00 
 213   85  981  592 1.29 
 213   85  981  648 1.14 
 213  141  896  648 1.14 
 213  141  981  592 1.00 
 213  141  981  648 1.14 
 213  197  981  648 1.00 
 299   28  896  648 1.29 
 299   28  981  535 1.00 
 299   28  981  592 1.00 
 299   28  981  648 1.00 
 299   85  981  592 1.00 
 299   85  981  648 1.00 
 299  141  981  648 1.14 
