  32   43  548  811 1.86 
  32   43  548  896 1.71 
  32   43  548  981 1.71 
  32   43  613  725 2.57 
  32   43  613  811 2.57 
  32   43  613  896 2.43 
  32   43  613  981 2.43 
  32   43  677  725 3.29 
  32   43  677  811 3.29 
  32   43  677  896 3.00 
  32   43  677  981 2.71 
  32   43  742  725 3.00 
  32   43  742  811 3.57 
  32   43  742  896 3.29 
  32   43  742  981 3.14 
  32  128  548  896 1.57 
  32  128  548  981 1.71 
  32  128  613  811 1.86 
  32  128  613  896 1.71 
  32  128  613  981 1.86 
  32  128  677  811 1.86 
  32  128  677  896 1.43 
  32  128  677  981 1.71 
  32  128  742  725 1.86 
  32  128  742  811 1.86 
  32  128  742  896 1.86 
  32  128  742  981 1.71 
  32  213  548  981 1.43 
  32  213  613  896 1.43 
  32  213  613  981 1.43 
  32  213  677  896 1.57 
  32  213  677  981 1.57 
  32  213  742  811 1.57 
  32  213  742  896 1.57 
  32  213  742  981 1.57 
  32  299  613  981 1.43 
  32  299  677  981 1.57 
  32  299  742  896 1.57 
  32  299  742  981 1.57 
  97   43  548  981 1.71 
  97   43  613  811 2.71 
  97   43  613  896 2.43 
  97   43  613  981 2.29 
  97   43  677  725 3.57 
  97   43  677  811 3.43 
  97   43  677  896 3.00 
  97   43  677  981 3.00 
  97   43  742  725 3.71 
  97   43  742  811 3.71 
  97   43  742  896 3.29 
  97   43  742  981 3.00 
  97  128  613  896 1.57 
  97  128  613  981 1.71 
  97  128  677  811 1.71 
  97  128  677  896 1.86 
  97  128  677  981 1.86 
  97  128  742  811 1.86 
  97  128  742  896 1.71 
  97  128  742  981 1.71 
  97  213  613  981 1.43 
  97  213  677  896 1.57 
  97  213  677  981 1.71 
  97  213  742  896 1.57 
  97  213  742  981 1.57 
  97  299  677  981 1.57 
  97  299  742  981 1.57 
 161   43  613  981 2.43 
 161   43  677  811 3.43 
 161   43  677  896 3.29 
 161   43  677  981 3.57 
 161   43  742  725 3.43 
 161   43  742  811 3.57 
 161   43  742  896 3.57 
 161   43  742  981 3.57 
 161  128  677  896 1.86 
 161  128  677  981 1.71 
 161  128  742  811 1.86 
 161  128  742  896 1.71 
 161  128  742  981 1.71 
 161  213  677  981 1.57 
 161  213  742  896 1.57 
 161  213  742  981 1.71 
 161  299  742  981 1.57 
 226   43  677  981 3.29 
 226   43  742  811 3.57 
 226   43  742  896 3.71 
 226   43  742  981 3.71 
 226  128  742  896 1.86 
 226  128  742  981 1.71 
 226  213  742  981 1.57 
