  34   43  581  811 3.00 
  34   43  581  896 3.14 
  34   43  581  981 2.71 
  34   43  649  725 3.14 
  34   43  649  811 3.86 
  34   43  649  896 4.29 
  34   43  649  981 4.14 
  34   43  718  725 3.14 
  34   43  718  811 4.00 
  34   43  718  896 4.14 
  34   43  718  981 4.29 
  34   43  786  725 3.00 
  34   43  786  811 3.57 
  34   43  786  896 4.00 
  34   43  786  981 4.00 
  34  128  581  896 2.71 
  34  128  581  981 2.57 
  34  128  649  811 4.29 
  34  128  649  896 3.43 
  34  128  649  981 3.43 
  34  128  718  811 3.86 
  34  128  718  896 4.00 
  34  128  718  981 3.57 
  34  128  786  725 3.29 
  34  128  786  811 4.14 
  34  128  786  896 3.71 
  34  128  786  981 3.14 
  34  213  581  981 2.14 
  34  213  649  896 2.86 
  34  213  649  981 2.71 
  34  213  718  896 2.86 
  34  213  718  981 2.71 
  34  213  786  811 3.00 
  34  213  786  896 2.71 
  34  213  786  981 2.71 
  34  299  649  981 1.00 
  34  299  718  981 1.00 
  34  299  786  896 1.00 
  34  299  786  981 1.00 
 103   43  581  981 3.00 
 103   43  649  811 4.14 
 103   43  649  896 4.14 
 103   43  649  981 4.29 
 103   43  718  725 3.00 
 103   43  718  811 3.43 
 103   43  718  896 3.86 
 103   43  718  981 4.00 
 103   43  786  725 2.86 
 103   43  786  811 3.14 
 103   43  786  896 3.29 
 103   43  786  981 3.43 
 103  128  649  896 3.71 
 103  128  649  981 3.43 
 103  128  718  811 3.57 
 103  128  718  896 3.43 
 103  128  718  981 3.29 
 103  128  786  811 3.29 
 103  128  786  896 3.29 
 103  128  786  981 3.29 
 103  213  649  981 2.57 
 103  213  718  896 2.86 
 103  213  718  981 2.71 
 103  213  786  896 2.71 
 103  213  786  981 2.71 
 103  299  718  981 1.00 
 103  299  786  981 1.00 
 171   43  649  981 2.00 
 171   43  718  811 1.86 
 171   43  718  896 1.86 
 171   43  718  981 2.00 
 171   43  786  725 1.86 
 171   43  786  811 1.86 
 171   43  786  896 1.86 
 171   43  786  981 1.86 
 171  128  718  896 1.86 
 171  128  718  981 1.86 
 171  128  786  811 1.86 
 171  128  786  896 1.86 
 171  128  786  981 1.86 
 171  213  718  981 1.86 
 171  213  786  896 1.86 
 171  213  786  981 1.86 
 171  299  786  981 1.00 
 239   43  718  981 1.14 
 239   43  786  811 1.00 
 239   43  786  896 1.00 
 239   43  786  981 1.14 
 239  128  786  896 1.00 
 239  128  786  981 1.00 
 239  213  786  981 1.00 
