  26   43  441  811 2.86 
  26   43  441  896 2.86 
  26   43  441  981 -2.00 
  26   43  493  725 1.86 
  26   43  493  811 1.71 
  26   43  493  896 1.71 
  26   43  493  981 1.86 
  26   43  545  725 3.00 
  26   43  545  811 3.00 
  26   43  545  896 3.00 
  26   43  545  981 3.00 
  26   43  597  725 3.14 
  26   43  597  811 3.00 
  26   43  597  896 3.00 
  26   43  597  981 3.00 
  26  128  441  896 2.86 
  26  128  441  981 2.86 
  26  128  493  811 1.71 
  26  128  493  896 1.71 
  26  128  493  981 1.71 
  26  128  545  811 3.00 
  26  128  545  896 3.00 
  26  128  545  981 3.00 
  26  128  597  725 3.29 
  26  128  597  811 3.00 
  26  128  597  896 3.00 
  26  128  597  981 3.00 
  26  213  441  981 2.86 
  26  213  493  896 1.86 
  26  213  493  981 1.71 
  26  213  545  896 3.00 
  26  213  545  981 3.00 
  26  213  597  811 3.00 
  26  213  597  896 3.00 
  26  213  597  981 3.00 
  26  299  493  981 1.86 
  26  299  545  981 3.00 
  26  299  597  896 3.00 
  26  299  597  981 3.14 
  78   43  441  981 -2.00 
  78   43  493  811 1.86 
  78   43  493  896 2.29 
  78   43  493  981 -2.00 
  78   43  545  725 3.14 
  78   43  545  811 3.00 
  78   43  545  896 3.00 
  78   43  545  981 3.00 
  78   43  597  725 3.29 
  78   43  597  811 3.29 
  78   43  597  896 3.14 
  78   43  597  981 3.00 
  78  128  493  896 1.86 
  78  128  493  981 2.43 
  78  128  545  811 3.00 
  78  128  545  896 3.00 
  78  128  545  981 3.00 
  78  128  597  811 3.00 
  78  128  597  896 3.00 
  78  128  597  981 3.00 
  78  213  493  981 1.86 
  78  213  545  896 3.00 
  78  213  545  981 3.00 
  78  213  597  896 3.00 
  78  213  597  981 3.29 
  78  299  545  981 3.14 
  78  299  597  981 3.29 
 130   43  493  981 -2.00 
 130   43  545  811 3.00 
 130   43  545  896 3.00 
 130   43  545  981 -2.00 
 130   43  597  725 3.57 
 130   43  597  811 3.57 
 130   43  597  896 3.14 
 130   43  597  981 3.00 
 130  128  545  896 3.00 
 130  128  545  981 3.00 
 130  128  597  811 3.14 
 130  128  597  896 3.00 
 130  128  597  981 3.00 
 130  213  545  981 3.00 
 130  213  597  896 3.00 
 130  213  597  981 3.43 
 130  299  597  981 3.57 
 182   43  545  981 -2.00 
 182   43  597  811 4.00 
 182   43  597  896 3.14 
 182   43  597  981 -2.00 
 182  128  597  896 3.00 
 182  128  597  981 3.00 
 182  213  597  981 3.14 
