  24   43  415  811 2.43 
  24   43  415  896 3.14 
  24   43  415  981 -2.00 
  24   43  464  725 1.00 
  24   43  464  811 2.57 
  24   43  464  896 2.86 
  24   43  464  981 3.57 
  24   43  513  725 1.00 
  24   43  513  811 2.57 
  24   43  513  896 2.86 
  24   43  513  981 3.71 
  24   43  562  725 1.00 
  24   43  562  811 2.43 
  24   43  562  896 3.00 
  24   43  562  981 3.71 
  24  128  415  896 3.29 
  24  128  415  981 3.57 
  24  128  464  811 2.29 
  24  128  464  896 3.29 
  24  128  464  981 3.86 
  24  128  513  811 2.29 
  24  128  513  896 3.00 
  24  128  513  981 4.29 
  24  128  562  725 1.00 
  24  128  562  811 2.43 
  24  128  562  896 2.86 
  24  128  562  981 3.71 
  24  213  415  981 3.57 
  24  213  464  896 3.00 
  24  213  464  981 4.14 
  24  213  513  896 3.14 
  24  213  513  981 4.57 
  24  213  562  811 2.29 
  24  213  562  896 3.14 
  24  213  562  981 3.86 
  24  299  464  981 4.57 
  24  299  513  981 4.43 
  24  299  562  896 4.00 
  24  299  562  981 4.00 
  73   43  415  981 -2.00 
  73   43  464  811 2.43 
  73   43  464  896 3.00 
  73   43  464  981 -2.00 
  73   43  513  725 1.00 
  73   43  513  811 2.57 
  73   43  513  896 3.00 
  73   43  513  981 4.00 
  73   43  562  725 1.00 
  73   43  562  811 2.29 
  73   43  562  896 3.00 
  73   43  562  981 3.43 
  73  128  464  896 2.86 
  73  128  464  981 3.86 
  73  128  513  811 2.57 
  73  128  513  896 3.00 
  73  128  513  981 3.71 
  73  128  562  811 2.43 
  73  128  562  896 2.86 
  73  128  562  981 3.43 
  73  213  464  981 4.14 
  73  213  513  896 3.29 
  73  213  513  981 3.71 
  73  213  562  896 3.00 
  73  213  562  981 4.00 
  73  299  513  981 4.29 
  73  299  562  981 4.00 
 122   43  464  981 -2.00 
 122   43  513  811 2.29 
 122   43  513  896 2.86 
 122   43  513  981 -2.00 
 122   43  562  725 1.00 
 122   43  562  811 2.29 
 122   43  562  896 2.71 
 122   43  562  981 3.00 
 122  128  513  896 2.86 
 122  128  513  981 3.43 
 122  128  562  811 2.43 
 122  128  562  896 2.71 
 122  128  562  981 3.14 
 122  213  513  981 3.29 
 122  213  562  896 3.00 
 122  213  562  981 3.29 
 122  299  562  981 3.14 
 171   43  513  981 -2.00 
 171   43  562  811 1.00 
 171   43  562  896 1.29 
 171   43  562  981 -2.00 
 171  128  562  896 1.14 
 171  128  562  981 1.14 
 171  213  562  981 1.29 
