  31   43  519  811 2.00 
  31   43  519  896 1.86 
  31   43  519  981 1.43 
  31   43  580  725 3.00 
  31   43  580  811 2.86 
  31   43  580  896 2.71 
  31   43  580  981 2.71 
  31   43  641  725 3.00 
  31   43  641  811 3.43 
  31   43  641  896 3.29 
  31   43  641  981 3.29 
  31   43  702  725 3.29 
  31   43  702  811 3.57 
  31   43  702  896 3.71 
  31   43  702  981 4.43 
  31  128  519  896 1.71 
  31  128  519  981 1.43 
  31  128  580  811 2.71 
  31  128  580  896 2.86 
  31  128  580  981 2.86 
  31  128  641  811 3.29 
  31  128  641  896 3.43 
  31  128  641  981 3.43 
  31  128  702  725 3.43 
  31  128  702  811 4.43 
  31  128  702  896 4.57 
  31  128  702  981 4.14 
  31  213  519  981 1.57 
  31  213  580  896 2.43 
  31  213  580  981 2.43 
  31  213  641  896 3.14 
  31  213  641  981 3.14 
  31  213  702  811 4.43 
  31  213  702  896 3.57 
  31  213  702  981 3.29 
  31  299  580  981 1.71 
  31  299  641  981 2.14 
  31  299  702  896 2.57 
  31  299  702  981 2.43 
  92   43  519  981 1.71 
  92   43  580  811 2.86 
  92   43  580  896 2.71 
  92   43  580  981 2.86 
  92   43  641  725 3.00 
  92   43  641  811 3.43 
  92   43  641  896 3.43 
  92   43  641  981 4.14 
  92   43  702  725 3.29 
  92   43  702  811 3.14 
  92   43  702  896 3.86 
  92   43  702  981 3.86 
  92  128  580  896 2.71 
  92  128  580  981 2.86 
  92  128  641  811 3.43 
  92  128  641  896 4.14 
  92  128  641  981 4.00 
  92  128  702  811 4.00 
  92  128  702  896 4.57 
  92  128  702  981 4.29 
  92  213  580  981 2.29 
  92  213  641  896 3.43 
  92  213  641  981 3.29 
  92  213  702  896 3.57 
  92  213  702  981 3.29 
  92  299  641  981 2.00 
  92  299  702  981 2.43 
 153   43  580  981 3.14 
 153   43  641  811 3.29 
 153   43  641  896 3.71 
 153   43  641  981 3.86 
 153   43  702  725 3.14 
 153   43  702  811 3.29 
 153   43  702  896 4.00 
 153   43  702  981 4.43 
 153  128  641  896 4.14 
 153  128  641  981 4.14 
 153  128  702  811 4.14 
 153  128  702  896 4.57 
 153  128  702  981 4.29 
 153  213  641  981 3.14 
 153  213  702  896 3.57 
 153  213  702  981 3.14 
 153  299  702  981 2.43 
 214   43  641  981 4.29 
 214   43  702  811 3.43 
 214   43  702  896 3.57 
 214   43  702  981 4.43 
 214  128  702  896 4.14 
 214  128  702  981 3.86 
 214  213  702  981 3.43 
