  31   43  523  811 3.00 
  31   43  523  896 3.14 
  31   43  523  981 3.14 
  31   43  585  725 3.00 
  31   43  585  811 3.29 
  31   43  585  896 3.43 
  31   43  585  981 3.29 
  31   43  647  725 4.29 
  31   43  647  811 4.71 
  31   43  647  896 4.57 
  31   43  647  981 4.57 
  31   43  708  725 4.57 
  31   43  708  811 4.86 
  31   43  708  896 4.86 
  31   43  708  981 4.43 
  31  128  523  896 3.00 
  31  128  523  981 3.00 
  31  128  585  811 3.00 
  31  128  585  896 3.00 
  31  128  585  981 3.14 
  31  128  647  811 4.29 
  31  128  647  896 4.43 
  31  128  647  981 4.00 
  31  128  708  725 4.86 
  31  128  708  811 4.43 
  31  128  708  896 4.29 
  31  128  708  981 3.71 
  31  213  523  981 2.86 
  31  213  585  896 3.14 
  31  213  585  981 2.86 
  31  213  647  896 3.86 
  31  213  647  981 3.57 
  31  213  708  811 4.43 
  31  213  708  896 3.71 
  31  213  708  981 3.71 
  31  299  585  981 2.71 
  31  299  647  981 3.43 
  31  299  708  896 3.86 
  31  299  708  981 3.86 
  92   43  523  981 3.29 
  92   43  585  811 3.57 
  92   43  585  896 3.57 
  92   43  585  981 3.43 
  92   43  647  725 4.14 
  92   43  647  811 4.57 
  92   43  647  896 4.71 
  92   43  647  981 4.57 
  92   43  708  725 3.86 
  92   43  708  811 4.00 
  92   43  708  896 4.14 
  92   43  708  981 3.86 
  92  128  585  896 3.43 
  92  128  585  981 3.00 
  92  128  647  811 4.57 
  92  128  647  896 4.43 
  92  128  647  981 3.71 
  92  128  708  811 4.00 
  92  128  708  896 3.86 
  92  128  708  981 3.57 
  92  213  585  981 3.14 
  92  213  647  896 4.00 
  92  213  647  981 3.43 
  92  213  708  896 3.43 
  92  213  708  981 3.57 
  92  299  647  981 3.86 
  92  299  708  981 3.29 
 154   43  585  981 2.00 
 154   43  647  811 2.00 
 154   43  647  896 2.00 
 154   43  647  981 2.29 
 154   43  708  725 2.00 
 154   43  708  811 2.00 
 154   43  708  896 2.29 
 154   43  708  981 2.29 
 154  128  647  896 2.00 
 154  128  647  981 2.14 
 154  128  708  811 2.00 
 154  128  708  896 2.29 
 154  128  708  981 2.14 
 154  213  647  981 2.29 
 154  213  708  896 2.00 
 154  213  708  981 2.00 
 154  299  708  981 2.00 
 216   43  647  981 1.29 
 216   43  708  811 1.14 
 216   43  708  896 1.29 
 216   43  708  981 1.14 
 216  128  708  896 1.29 
 216  128  708  981 1.14 
 216  213  708  981 1.14 
