  25   43  423  811 3.14 
  25   43  423  896 3.14 
  25   43  423  981 -2.00 
  25   43  473  725 3.86 
  25   43  473  811 3.71 
  25   43  473  896 3.71 
  25   43  473  981 3.57 
  25   43  522  725 4.29 
  25   43  522  811 3.86 
  25   43  522  896 3.71 
  25   43  522  981 3.43 
  25   43  572  725 4.29 
  25   43  572  811 4.29 
  25   43  572  896 3.57 
  25   43  572  981 3.29 
  25  128  423  896 2.86 
  25  128  423  981 3.14 
  25  128  473  811 3.57 
  25  128  473  896 3.57 
  25  128  473  981 3.14 
  25  128  522  811 3.86 
  25  128  522  896 3.29 
  25  128  522  981 2.86 
  25  128  572  725 4.00 
  25  128  572  811 3.57 
  25  128  572  896 3.29 
  25  128  572  981 3.14 
  25  213  423  981 2.43 
  25  213  473  896 3.00 
  25  213  473  981 2.43 
  25  213  522  896 3.00 
  25  213  522  981 2.86 
  25  213  572  811 3.57 
  25  213  572  896 3.29 
  25  213  572  981 3.00 
  25  299  473  981 2.29 
  25  299  522  981 2.14 
  25  299  572  896 2.43 
  25  299  572  981 2.43 
  75   43  423  981 -2.00 
  75   43  473  811 3.57 
  75   43  473  896 3.29 
  75   43  473  981 -2.00 
  75   43  522  725 4.00 
  75   43  522  811 3.71 
  75   43  522  896 3.71 
  75   43  522  981 3.29 
  75   43  572  725 3.71 
  75   43  572  811 4.00 
  75   43  572  896 3.57 
  75   43  572  981 3.29 
  75  128  473  896 3.00 
  75  128  473  981 3.14 
  75  128  522  811 3.57 
  75  128  522  896 3.14 
  75  128  522  981 2.86 
  75  128  572  811 3.57 
  75  128  572  896 2.86 
  75  128  572  981 3.00 
  75  213  473  981 2.86 
  75  213  522  896 2.86 
  75  213  522  981 2.43 
  75  213  572  896 3.14 
  75  213  572  981 2.71 
  75  299  522  981 2.29 
  75  299  572  981 2.43 
 124   43  473  981 -2.00 
 124   43  522  811 1.29 
 124   43  522  896 1.29 
 124   43  522  981 -2.00 
 124   43  572  725 1.29 
 124   43  572  811 1.29 
 124   43  572  896 1.29 
 124   43  572  981 1.29 
 124  128  522  896 1.29 
 124  128  522  981 1.29 
 124  128  572  811 1.29 
 124  128  572  896 1.29 
 124  128  572  981 1.29 
 124  213  522  981 1.29 
 124  213  572  896 1.29 
 124  213  572  981 1.29 
 124  299  572  981 1.29 
 174   43  522  981 -2.00 
 174   43  572  811 1.00 
 174   43  572  896 1.00 
 174   43  572  981 -2.00 
 174  128  572  896 1.00 
 174  128  572  981 1.00 
 174  213  572  981 1.00 
