  26   43  435  811 1.86 
  26   43  435  896 1.71 
  26   43  435  981 -2.00 
  26   43  486  725 2.71 
  26   43  486  811 2.43 
  26   43  486  896 2.86 
  26   43  486  981 2.43 
  26   43  537  725 2.71 
  26   43  537  811 3.14 
  26   43  537  896 3.00 
  26   43  537  981 3.43 
  26   43  588  725 3.14 
  26   43  588  811 3.29 
  26   43  588  896 3.71 
  26   43  588  981 4.14 
  26  128  435  896 1.71 
  26  128  435  981 1.71 
  26  128  486  811 2.86 
  26  128  486  896 2.14 
  26  128  486  981 2.43 
  26  128  537  811 3.14 
  26  128  537  896 3.14 
  26  128  537  981 2.86 
  26  128  588  725 4.00 
  26  128  588  811 4.00 
  26  128  588  896 3.57 
  26  128  588  981 3.29 
  26  213  435  981 1.57 
  26  213  486  896 2.57 
  26  213  486  981 2.14 
  26  213  537  896 2.86 
  26  213  537  981 2.14 
  26  213  588  811 3.00 
  26  213  588  896 2.86 
  26  213  588  981 2.14 
  26  299  486  981 1.86 
  26  299  537  981 1.86 
  26  299  588  896 1.86 
  26  299  588  981 1.86 
  77   43  435  981 -2.00 
  77   43  486  811 2.71 
  77   43  486  896 2.57 
  77   43  486  981 -2.00 
  77   43  537  725 3.00 
  77   43  537  811 3.14 
  77   43  537  896 3.57 
  77   43  537  981 3.14 
  77   43  588  725 3.29 
  77   43  588  811 3.71 
  77   43  588  896 4.14 
  77   43  588  981 4.14 
  77  128  486  896 2.71 
  77  128  486  981 2.29 
  77  128  537  811 3.29 
  77  128  537  896 2.71 
  77  128  537  981 2.71 
  77  128  588  811 3.86 
  77  128  588  896 3.29 
  77  128  588  981 3.29 
  77  213  486  981 2.00 
  77  213  537  896 2.43 
  77  213  537  981 2.29 
  77  213  588  896 2.71 
  77  213  588  981 2.57 
  77  299  537  981 1.86 
  77  299  588  981 1.86 
 128   43  486  981 -2.00 
 128   43  537  811 3.29 
 128   43  537  896 3.29 
 128   43  537  981 -2.00 
 128   43  588  725 3.57 
 128   43  588  811 4.00 
 128   43  588  896 4.43 
 128   43  588  981 3.71 
 128  128  537  896 2.86 
 128  128  537  981 2.57 
 128  128  588  811 4.43 
 128  128  588  896 3.57 
 128  128  588  981 3.14 
 128  213  537  981 2.14 
 128  213  588  896 2.86 
 128  213  588  981 2.57 
 128  299  588  981 1.86 
 179   43  537  981 -2.00 
 179   43  588  811 4.14 
 179   43  588  896 3.57 
 179   43  588  981 -2.00 
 179  128  588  896 3.29 
 179  128  588  981 2.86 
 179  213  588  981 2.29 
