  25   43  426  811 2.29 
  25   43  426  896 2.29 
  25   43  426  981 -2.00 
  25   43  477  725 2.86 
  25   43  477  811 2.86 
  25   43  477  896 2.86 
  25   43  477  981 3.14 
  25   43  527  725 3.00 
  25   43  527  811 3.00 
  25   43  527  896 3.00 
  25   43  527  981 3.29 
  25   43  577  725 3.00 
  25   43  577  811 3.00 
  25   43  577  896 3.71 
  25   43  577  981 3.86 
  25  128  426  896 2.29 
  25  128  426  981 2.29 
  25  128  477  811 2.86 
  25  128  477  896 2.86 
  25  128  477  981 3.14 
  25  128  527  811 3.00 
  25  128  527  896 3.29 
  25  128  527  981 3.43 
  25  128  577  725 3.29 
  25  128  577  811 3.43 
  25  128  577  896 4.14 
  25  128  577  981 3.43 
  25  213  426  981 2.29 
  25  213  477  896 2.86 
  25  213  477  981 2.86 
  25  213  527  896 3.00 
  25  213  527  981 3.00 
  25  213  577  811 3.29 
  25  213  577  896 3.43 
  25  213  577  981 2.86 
  25  299  477  981 2.14 
  25  299  527  981 2.14 
  25  299  577  896 2.14 
  25  299  577  981 2.57 
  75   43  426  981 -2.00 
  75   43  477  811 3.00 
  75   43  477  896 3.14 
  75   43  477  981 -2.00 
  75   43  527  725 3.00 
  75   43  527  811 3.14 
  75   43  527  896 3.14 
  75   43  527  981 4.00 
  75   43  577  725 3.00 
  75   43  577  811 3.14 
  75   43  577  896 3.71 
  75   43  577  981 4.14 
  75  128  477  896 3.14 
  75  128  477  981 3.29 
  75  128  527  811 3.71 
  75  128  527  896 3.86 
  75  128  527  981 4.00 
  75  128  577  811 3.86 
  75  128  577  896 4.14 
  75  128  577  981 4.29 
  75  213  477  981 3.00 
  75  213  527  896 3.14 
  75  213  527  981 2.86 
  75  213  577  896 3.14 
  75  213  577  981 3.14 
  75  299  527  981 2.14 
  75  299  577  981 2.43 
 125   43  477  981 -2.00 
 125   43  527  811 3.14 
 125   43  527  896 3.86 
 125   43  527  981 -2.00 
 125   43  577  725 2.86 
 125   43  577  811 3.29 
 125   43  577  896 3.00 
 125   43  577  981 4.00 
 125  128  527  896 3.86 
 125  128  527  981 4.00 
 125  128  577  811 3.57 
 125  128  577  896 3.86 
 125  128  577  981 4.00 
 125  213  527  981 3.00 
 125  213  577  896 3.29 
 125  213  577  981 3.29 
 125  299  577  981 2.14 
 176   43  527  981 -2.00 
 176   43  577  811 2.86 
 176   43  577  896 3.00 
 176   43  577  981 -2.00 
 176  128  577  896 3.14 
 176  128  577  981 3.00 
 176  213  577  981 2.71 
