  30   43  507  811 2.29 
  30   43  507  896 2.29 
  30   43  507  981 2.00 
  30   43  567  725 1.86 
  30   43  567  811 3.14 
  30   43  567  896 3.57 
  30   43  567  981 2.86 
  30   43  627  725 2.29 
  30   43  627  811 3.43 
  30   43  627  896 3.57 
  30   43  627  981 3.57 
  30   43  686  725 2.14 
  30   43  686  811 3.43 
  30   43  686  896 4.00 
  30   43  686  981 4.00 
  30  128  507  896 2.43 
  30  128  507  981 2.14 
  30  128  567  811 3.43 
  30  128  567  896 3.29 
  30  128  567  981 2.86 
  30  128  627  811 3.29 
  30  128  627  896 3.14 
  30  128  627  981 3.00 
  30  128  686  725 2.14 
  30  128  686  811 3.57 
  30  128  686  896 3.29 
  30  128  686  981 3.14 
  30  213  507  981 1.86 
  30  213  567  896 2.29 
  30  213  567  981 2.00 
  30  213  627  896 2.00 
  30  213  627  981 1.86 
  30  213  686  811 2.43 
  30  213  686  896 2.29 
  30  213  686  981 2.00 
  30  299  567  981 1.00 
  30  299  627  981 1.00 
  30  299  686  896 1.00 
  30  299  686  981 1.00 
  90   43  507  981 -2.00 
  90   43  567  811 2.71 
  90   43  567  896 3.14 
  90   43  567  981 3.43 
  90   43  627  725 1.71 
  90   43  627  811 3.14 
  90   43  627  896 3.86 
  90   43  627  981 3.29 
  90   43  686  725 2.29 
  90   43  686  811 3.14 
  90   43  686  896 4.14 
  90   43  686  981 4.00 
  90  128  567  896 3.14 
  90  128  567  981 2.86 
  90  128  627  811 3.71 
  90  128  627  896 3.14 
  90  128  627  981 3.14 
  90  128  686  811 3.86 
  90  128  686  896 4.29 
  90  128  686  981 3.00 
  90  213  567  981 2.14 
  90  213  627  896 2.00 
  90  213  627  981 2.14 
  90  213  686  896 2.29 
  90  213  686  981 2.00 
  90  299  627  981 1.00 
  90  299  686  981 1.00 
 149   43  567  981 -2.00 
 149   43  627  811 3.00 
 149   43  627  896 4.43 
 149   43  627  981 4.43 
 149   43  686  725 2.29 
 149   43  686  811 2.86 
 149   43  686  896 4.43 
 149   43  686  981 4.43 
 149  128  627  896 3.29 
 149  128  627  981 3.57 
 149  128  686  811 3.86 
 149  128  686  896 3.71 
 149  128  686  981 2.86 
 149  213  627  981 2.14 
 149  213  686  896 2.14 
 149  213  686  981 2.29 
 149  299  686  981 1.00 
 209   43  627  981 -2.00 
 209   43  686  811 3.00 
 209   43  686  896 3.43 
 209   43  686  981 3.14 
 209  128  686  896 3.29 
 209  128  686  981 2.86 
 209  213  686  981 2.14 
