  32   43  542  811 1.29 
  32   43  542  896 1.29 
  32   43  542  981 1.57 
  32   43  606  725 1.86 
  32   43  606  811 2.14 
  32   43  606  896 2.00 
  32   43  606  981 2.14 
  32   43  669  725 2.57 
  32   43  669  811 3.14 
  32   43  669  896 3.14 
  32   43  669  981 2.71 
  32   43  733  725 3.43 
  32   43  733  811 4.14 
  32   43  733  896 4.00 
  32   43  733  981 4.00 
  32  128  542  896 1.57 
  32  128  542  981 1.29 
  32  128  606  811 1.86 
  32  128  606  896 2.00 
  32  128  606  981 2.29 
  32  128  669  811 2.71 
  32  128  669  896 2.71 
  32  128  669  981 2.71 
  32  128  733  725 3.71 
  32  128  733  811 4.14 
  32  128  733  896 3.86 
  32  128  733  981 3.71 
  32  213  542  981 1.43 
  32  213  606  896 1.86 
  32  213  606  981 2.00 
  32  213  669  896 2.57 
  32  213  669  981 3.00 
  32  213  733  811 3.71 
  32  213  733  896 3.86 
  32  213  733  981 3.14 
  32  299  606  981 1.71 
  32  299  669  981 2.43 
  32  299  733  896 3.43 
  32  299  733  981 3.00 
  96   43  542  981 1.57 
  96   43  606  811 2.29 
  96   43  606  896 2.14 
  96   43  606  981 2.14 
  96   43  669  725 2.43 
  96   43  669  811 2.86 
  96   43  669  896 3.43 
  96   43  669  981 3.00 
  96   43  733  725 3.57 
  96   43  733  811 4.00 
  96   43  733  896 3.71 
  96   43  733  981 3.71 
  96  128  606  896 2.29 
  96  128  606  981 2.14 
  96  128  669  811 3.00 
  96  128  669  896 3.00 
  96  128  669  981 3.14 
  96  128  733  811 4.14 
  96  128  733  896 4.00 
  96  128  733  981 3.57 
  96  213  606  981 2.29 
  96  213  669  896 2.43 
  96  213  669  981 2.86 
  96  213  733  896 3.57 
  96  213  733  981 3.14 
  96  299  669  981 2.71 
  96  299  733  981 2.86 
 159   43  606  981 2.57 
 159   43  669  811 3.57 
 159   43  669  896 3.14 
 159   43  669  981 2.86 
 159   43  733  725 3.57 
 159   43  733  811 4.14 
 159   43  733  896 3.86 
 159   43  733  981 3.71 
 159  128  669  896 3.14 
 159  128  669  981 2.71 
 159  128  733  811 3.86 
 159  128  733  896 3.86 
 159  128  733  981 3.71 
 159  213  669  981 3.29 
 159  213  733  896 3.86 
 159  213  733  981 3.14 
 159  299  733  981 3.29 
 223   43  669  981 3.14 
 223   43  733  811 4.29 
 223   43  733  896 4.14 
 223   43  733  981 3.86 
 223  128  733  896 3.86 
 223  128  733  981 3.71 
 223  213  733  981 3.43 
