  26   43  444  811 3.00 
  26   43  444  896 3.00 
  26   43  444  981 -2.00 
  26   43  496  725 3.00 
  26   43  496  811 3.00 
  26   43  496  896 3.00 
  26   43  496  981 3.00 
  26   43  549  725 3.00 
  26   43  549  811 3.00 
  26   43  549  896 3.00 
  26   43  549  981 3.14 
  26   43  601  725 3.00 
  26   43  601  811 3.00 
  26   43  601  896 3.00 
  26   43  601  981 3.29 
  26  128  444  896 3.43 
  26  128  444  981 3.57 
  26  128  496  811 3.00 
  26  128  496  896 3.14 
  26  128  496  981 3.43 
  26  128  549  811 3.00 
  26  128  549  896 3.14 
  26  128  549  981 3.57 
  26  128  601  725 3.00 
  26  128  601  811 3.14 
  26  128  601  896 3.43 
  26  128  601  981 3.86 
  26  213  444  981 3.14 
  26  213  496  896 3.14 
  26  213  496  981 3.00 
  26  213  549  896 3.14 
  26  213  549  981 3.14 
  26  213  601  811 3.71 
  26  213  601  896 3.43 
  26  213  601  981 3.00 
  26  299  496  981 2.86 
  26  299  549  981 2.86 
  26  299  601  896 3.00 
  26  299  601  981 2.86 
  78   43  444  981 -2.00 
  78   43  496  811 3.00 
  78   43  496  896 3.00 
  78   43  496  981 -2.00 
  78   43  549  725 3.00 
  78   43  549  811 3.00 
  78   43  549  896 3.00 
  78   43  549  981 3.14 
  78   43  601  725 3.00 
  78   43  601  811 3.00 
  78   43  601  896 3.00 
  78   43  601  981 3.29 
  78  128  496  896 3.29 
  78  128  496  981 3.57 
  78  128  549  811 3.00 
  78  128  549  896 3.43 
  78  128  549  981 4.14 
  78  128  601  811 3.14 
  78  128  601  896 3.43 
  78  128  601  981 4.43 
  78  213  496  981 3.14 
  78  213  549  896 3.43 
  78  213  549  981 3.14 
  78  213  601  896 3.71 
  78  213  601  981 3.14 
  78  299  549  981 2.86 
  78  299  601  981 2.86 
 131   43  496  981 -2.00 
 131   43  549  811 3.00 
 131   43  549  896 3.00 
 131   43  549  981 -2.00 
 131   43  601  725 3.00 
 131   43  601  811 3.00 
 131   43  601  896 3.00 
 131   43  601  981 3.14 
 131  128  549  896 3.43 
 131  128  549  981 4.43 
 131  128  601  811 3.00 
 131  128  601  896 3.29 
 131  128  601  981 3.86 
 131  213  549  981 3.14 
 131  213  601  896 3.29 
 131  213  601  981 3.00 
 131  299  601  981 2.86 
 183   43  549  981 -2.00 
 183   43  601  811 2.86 
 183   43  601  896 2.86 
 183   43  601  981 -2.00 
 183  128  601  896 2.86 
 183  128  601  981 2.86 
 183  213  601  981 2.71 
