  43   38  725  728 3.14 
  43   38  725  804 3.14 
  43   38  725  881 3.43 
  43   38  811  651 3.14 
  43   38  811  728 3.29 
  43   38  811  804 3.14 
  43   38  811  881 3.43 
  43   38  896  651 3.71 
  43   38  896  728 3.57 
  43   38  896  804 3.43 
  43   38  896  881 3.29 
  43   38  981  651 4.00 
  43   38  981  728 3.71 
  43   38  981  804 3.86 
  43   38  981  881 3.57 
  43  115  725  804 2.14 
  43  115  725  881 2.14 
  43  115  811  728 2.14 
  43  115  811  804 2.00 
  43  115  811  881 2.14 
  43  115  896  728 2.14 
  43  115  896  804 2.14 
  43  115  896  881 2.14 
  43  115  981  651 2.14 
  43  115  981  728 2.14 
  43  115  981  804 2.14 
  43  115  981  881 2.14 
  43  191  725  881 1.43 
  43  191  811  804 1.43 
  43  191  811  881 1.43 
  43  191  896  804 1.43 
  43  191  896  881 1.43 
  43  191  981  728 1.71 
  43  191  981  804 1.43 
  43  191  981  881 1.29 
  43  268  811  881 1.71 
  43  268  896  881 1.71 
  43  268  981  804 1.71 
  43  268  981  881 1.71 
 128   38  725  881 3.29 
 128   38  811  728 3.29 
 128   38  811  804 3.29 
 128   38  811  881 3.14 
 128   38  896  651 3.29 
 128   38  896  728 3.29 
 128   38  896  804 3.14 
 128   38  896  881 3.29 
 128   38  981  651 3.29 
 128   38  981  728 3.29 
 128   38  981  804 3.14 
 128   38  981  881 3.29 
 128  115  811  804 2.14 
 128  115  811  881 2.14 
 128  115  896  728 2.14 
 128  115  896  804 2.00 
 128  115  896  881 2.14 
 128  115  981  728 2.14 
 128  115  981  804 2.14 
 128  115  981  881 2.14 
 128  191  811  881 1.29 
 128  191  896  804 1.43 
 128  191  896  881 1.43 
 128  191  981  804 1.43 
 128  191  981  881 1.14 
 128  268  896  881 1.57 
 128  268  981  881 1.57 
 213   38  811  881 1.57 
 213   38  896  728 1.57 
 213   38  896  804 1.57 
 213   38  896  881 1.57 
 213   38  981  651 1.57 
 213   38  981  728 1.57 
 213   38  981  804 1.57 
 213   38  981  881 1.57 
 213  115  896  804 1.57 
 213  115  896  881 1.57 
 213  115  981  728 1.57 
 213  115  981  804 1.57 
 213  115  981  881 1.57 
 213  191  896  881 1.29 
 213  191  981  804 1.43 
 213  191  981  881 1.29 
 213  268  981  881 1.14 
 299   38  896  881 1.29 
 299   38  981  728 1.14 
 299   38  981  804 1.14 
 299   38  981  881 1.29 
 299  115  981  804 1.29 
 299  115  981  881 1.00 
 299  191  981  881 1.00 
