  26   43  441  811 3.57 
  26   43  441  896 3.00 
  26   43  441  981 -2.00 
  26   43  492  725 3.00 
  26   43  492  811 3.43 
  26   43  492  896 3.00 
  26   43  492  981 2.86 
  26   43  544  725 3.14 
  26   43  544  811 3.14 
  26   43  544  896 3.14 
  26   43  544  981 3.14 
  26   43  596  725 3.00 
  26   43  596  811 3.14 
  26   43  596  896 3.00 
  26   43  596  981 3.14 
  26  128  441  896 3.14 
  26  128  441  981 3.57 
  26  128  492  811 3.00 
  26  128  492  896 3.29 
  26  128  492  981 3.57 
  26  128  544  811 3.00 
  26  128  544  896 3.14 
  26  128  544  981 3.43 
  26  128  596  725 3.14 
  26  128  596  811 3.00 
  26  128  596  896 3.14 
  26  128  596  981 3.43 
  26  213  441  981 3.29 
  26  213  492  896 3.57 
  26  213  492  981 3.29 
  26  213  544  896 3.57 
  26  213  544  981 3.29 
  26  213  596  811 3.43 
  26  213  596  896 3.43 
  26  213  596  981 3.29 
  26  299  492  981 2.86 
  26  299  544  981 2.71 
  26  299  596  896 2.71 
  26  299  596  981 2.71 
  78   43  441  981 -2.00 
  78   43  492  811 2.00 
  78   43  492  896 1.86 
  78   43  492  981 -2.00 
  78   43  544  725 2.14 
  78   43  544  811 2.00 
  78   43  544  896 1.86 
  78   43  544  981 1.71 
  78   43  596  725 2.00 
  78   43  596  811 2.00 
  78   43  596  896 2.00 
  78   43  596  981 1.86 
  78  128  492  896 2.14 
  78  128  492  981 1.86 
  78  128  544  811 2.00 
  78  128  544  896 2.00 
  78  128  544  981 2.00 
  78  128  596  811 2.00 
  78  128  596  896 2.00 
  78  128  596  981 2.00 
  78  213  492  981 2.00 
  78  213  544  896 2.00 
  78  213  544  981 2.00 
  78  213  596  896 2.00 
  78  213  596  981 2.00 
  78  299  544  981 2.00 
  78  299  596  981 2.00 
 130   43  492  981 -2.00 
 130   43  544  811 1.29 
 130   43  544  896 1.29 
 130   43  544  981 -2.00 
 130   43  596  725 1.43 
 130   43  596  811 1.29 
 130   43  596  896 1.43 
 130   43  596  981 1.43 
 130  128  544  896 1.29 
 130  128  544  981 1.29 
 130  128  596  811 1.43 
 130  128  596  896 1.29 
 130  128  596  981 1.57 
 130  213  544  981 1.29 
 130  213  596  896 1.43 
 130  213  596  981 1.29 
 130  299  596  981 1.43 
 181   43  544  981 -2.00 
 181   43  596  811 1.00 
 181   43  596  896 1.00 
 181   43  596  981 -2.00 
 181  128  596  896 1.00 
 181  128  596  981 1.00 
 181  213  596  981 1.14 
