  31   43  532  811 2.14 
  31   43  532  896 2.29 
  31   43  532  981 2.29 
  31   43  595  725 2.71 
  31   43  595  811 2.86 
  31   43  595  896 3.14 
  31   43  595  981 3.00 
  31   43  657  725 3.14 
  31   43  657  811 3.43 
  31   43  657  896 3.57 
  31   43  657  981 3.43 
  31   43  720  725 3.14 
  31   43  720  811 3.57 
  31   43  720  896 4.00 
  31   43  720  981 3.86 
  31  128  532  896 2.00 
  31  128  532  981 2.14 
  31  128  595  811 3.00 
  31  128  595  896 3.00 
  31  128  595  981 2.86 
  31  128  657  811 3.71 
  31  128  657  896 3.43 
  31  128  657  981 3.00 
  31  128  720  725 3.29 
  31  128  720  811 4.00 
  31  128  720  896 4.00 
  31  128  720  981 3.14 
  31  213  532  981 2.00 
  31  213  595  896 2.71 
  31  213  595  981 2.71 
  31  213  657  896 3.00 
  31  213  657  981 2.71 
  31  213  720  811 3.57 
  31  213  720  896 2.86 
  31  213  720  981 2.71 
  31  299  595  981 1.43 
  31  299  657  981 1.43 
  31  299  720  896 1.14 
  31  299  720  981 1.29 
  94   43  532  981 2.29 
  94   43  595  811 3.00 
  94   43  595  896 3.29 
  94   43  595  981 3.43 
  94   43  657  725 2.86 
  94   43  657  811 3.57 
  94   43  657  896 4.00 
  94   43  657  981 4.43 
  94   43  720  725 3.14 
  94   43  720  811 3.57 
  94   43  720  896 4.71 
  94   43  720  981 4.14 
  94  128  595  896 3.14 
  94  128  595  981 2.86 
  94  128  657  811 4.29 
  94  128  657  896 3.43 
  94  128  657  981 3.43 
  94  128  720  811 4.29 
  94  128  720  896 3.57 
  94  128  720  981 3.43 
  94  213  595  981 2.86 
  94  213  657  896 2.86 
  94  213  657  981 2.71 
  94  213  720  896 2.86 
  94  213  720  981 2.71 
  94  299  657  981 1.14 
  94  299  720  981 1.14 
 156   43  595  981 3.43 
 156   43  657  811 3.71 
 156   43  657  896 4.43 
 156   43  657  981 4.86 
 156   43  720  725 3.00 
 156   43  720  811 3.57 
 156   43  720  896 3.86 
 156   43  720  981 4.14 
 156  128  657  896 3.86 
 156  128  657  981 3.43 
 156  128  720  811 4.29 
 156  128  720  896 3.43 
 156  128  720  981 3.14 
 156  213  657  981 2.86 
 156  213  720  896 3.00 
 156  213  720  981 2.71 
 156  299  720  981 1.43 
 219   43  657  981 3.71 
 219   43  720  811 3.57 
 219   43  720  896 3.43 
 219   43  720  981 3.57 
 219  128  720  896 3.43 
 219  128  720  981 3.00 
 219  213  720  981 2.86 
