  30   43  502  811 1.14 
  30   43  502  896 1.14 
  30   43  502  981 1.00 
  30   43  561  725 2.00 
  30   43  561  811 2.00 
  30   43  561  896 2.00 
  30   43  561  981 2.14 
  30   43  620  725 2.57 
  30   43  620  811 3.00 
  30   43  620  896 3.14 
  30   43  620  981 3.14 
  30   43  679  725 2.71 
  30   43  679  811 4.00 
  30   43  679  896 4.00 
  30   43  679  981 4.00 
  30  128  502  896 1.14 
  30  128  502  981 1.00 
  30  128  561  811 2.00 
  30  128  561  896 2.14 
  30  128  561  981 2.14 
  30  128  620  811 3.14 
  30  128  620  896 3.00 
  30  128  620  981 3.00 
  30  128  679  725 3.00 
  30  128  679  811 4.29 
  30  128  679  896 4.00 
  30  128  679  981 3.29 
  30  213  502  981 1.00 
  30  213  561  896 2.00 
  30  213  561  981 2.14 
  30  213  620  896 3.00 
  30  213  620  981 2.86 
  30  213  679  811 4.00 
  30  213  679  896 3.57 
  30  213  679  981 3.14 
  30  299  561  981 2.00 
  30  299  620  981 3.14 
  30  299  679  896 3.14 
  30  299  679  981 3.43 
  89   43  502  981 -2.00 
  89   43  561  811 2.14 
  89   43  561  896 2.00 
  89   43  561  981 1.86 
  89   43  620  725 2.71 
  89   43  620  811 3.29 
  89   43  620  896 3.57 
  89   43  620  981 3.43 
  89   43  679  725 2.86 
  89   43  679  811 4.29 
  89   43  679  896 4.29 
  89   43  679  981 4.14 
  89  128  561  896 1.86 
  89  128  561  981 2.00 
  89  128  620  811 3.29 
  89  128  620  896 3.14 
  89  128  620  981 3.00 
  89  128  679  811 4.29 
  89  128  679  896 4.14 
  89  128  679  981 3.29 
  89  213  561  981 2.00 
  89  213  620  896 3.29 
  89  213  620  981 3.00 
  89  213  679  896 3.57 
  89  213  679  981 3.14 
  89  299  620  981 3.29 
  89  299  679  981 3.57 
 148   43  561  981 -2.00 
 148   43  620  811 3.43 
 148   43  620  896 4.00 
 148   43  620  981 3.43 
 148   43  679  725 2.71 
 148   43  679  811 3.86 
 148   43  679  896 4.57 
 148   43  679  981 4.14 
 148  128  620  896 3.71 
 148  128  620  981 3.14 
 148  128  679  811 4.29 
 148  128  679  896 4.29 
 148  128  679  981 3.00 
 148  213  620  981 3.00 
 148  213  679  896 3.57 
 148  213  679  981 3.14 
 148  299  679  981 3.43 
 207   43  620  981 -2.00 
 207   43  679  811 4.00 
 207   43  679  896 4.29 
 207   43  679  981 3.86 
 207  128  679  896 3.86 
 207  128  679  981 3.43 
 207  213  679  981 3.43 
