  27   43  463  811 1.43 
  27   43  463  896 1.29 
  27   43  463  981 2.29 
  27   43  517  725 1.00 
  27   43  517  811 1.71 
  27   43  517  896 1.57 
  27   43  517  981 2.71 
  27   43  571  725 1.14 
  27   43  571  811 1.57 
  27   43  571  896 1.57 
  27   43  571  981 2.86 
  27   43  626  725 1.43 
  27   43  626  811 1.86 
  27   43  626  896 1.71 
  27   43  626  981 3.43 
  27  128  463  896 1.43 
  27  128  463  981 2.29 
  27  128  517  811 1.71 
  27  128  517  896 1.57 
  27  128  517  981 2.57 
  27  128  571  811 1.71 
  27  128  571  896 1.71 
  27  128  571  981 3.00 
  27  128  626  725 1.43 
  27  128  626  811 1.86 
  27  128  626  896 1.71 
  27  128  626  981 3.00 
  27  213  463  981 2.14 
  27  213  517  896 1.57 
  27  213  517  981 2.71 
  27  213  571  896 1.71 
  27  213  571  981 3.00 
  27  213  626  811 1.86 
  27  213  626  896 1.71 
  27  213  626  981 3.43 
  27  299  517  981 2.71 
  27  299  571  981 2.86 
  27  299  626  896 1.86 
  27  299  626  981 3.29 
  82   43  463  981 -2.00 
  82   43  517  811 1.57 
  82   43  517  896 1.57 
  82   43  517  981 2.71 
  82   43  571  725 1.43 
  82   43  571  811 1.71 
  82   43  571  896 1.57 
  82   43  571  981 3.00 
  82   43  626  725 1.14 
  82   43  626  811 1.86 
  82   43  626  896 1.57 
  82   43  626  981 3.14 
  82  128  517  896 1.71 
  82  128  517  981 2.71 
  82  128  571  811 1.86 
  82  128  571  896 1.57 
  82  128  571  981 3.29 
  82  128  626  811 1.71 
  82  128  626  896 1.71 
  82  128  626  981 3.14 
  82  213  517  981 2.71 
  82  213  571  896 1.71 
  82  213  571  981 3.00 
  82  213  626  896 1.71 
  82  213  626  981 3.29 
  82  299  571  981 3.00 
  82  299  626  981 3.57 
 136   43  517  981 -2.00 
 136   43  571  811 2.00 
 136   43  571  896 1.57 
 136   43  571  981 3.29 
 136   43  626  725 1.00 
 136   43  626  811 1.86 
 136   43  626  896 1.57 
 136   43  626  981 3.29 
 136  128  571  896 1.43 
 136  128  571  981 3.57 
 136  128  626  811 1.86 
 136  128  626  896 1.57 
 136  128  626  981 3.14 
 136  213  571  981 3.57 
 136  213  626  896 1.86 
 136  213  626  981 3.29 
 136  299  626  981 3.57 
 190   43  571  981 -2.00 
 190   43  626  811 1.00 
 190   43  626  896 1.57 
 190   43  626  981 3.14 
 190  128  626  896 1.86 
 190  128  626  981 3.14 
 190  213  626  981 3.29 
