  43   37  725  709 3.14 
  43   37  725  784 3.00 
  43   37  725  859 3.00 
  43   37  811  635 3.00 
  43   37  811  709 3.29 
  43   37  811  784 3.57 
  43   37  811  859 3.14 
  43   37  896  635 3.71 
  43   37  896  709 3.57 
  43   37  896  784 3.57 
  43   37  896  859 3.43 
  43   37  981  635 3.57 
  43   37  981  709 3.14 
  43   37  981  784 3.71 
  43   37  981  859 3.57 
  43  112  725  784 3.00 
  43  112  725  859 2.86 
  43  112  811  709 3.71 
  43  112  811  784 3.14 
  43  112  811  859 3.00 
  43  112  896  709 4.14 
  43  112  896  784 3.57 
  43  112  896  859 3.00 
  43  112  981  635 3.29 
  43  112  981  709 4.29 
  43  112  981  784 3.57 
  43  112  981  859 2.86 
  43  187  725  859 2.71 
  43  187  811  784 3.00 
  43  187  811  859 2.71 
  43  187  896  784 3.57 
  43  187  896  859 3.00 
  43  187  981  709 4.00 
  43  187  981  784 3.71 
  43  187  981  859 3.00 
  43  261  811  859 2.14 
  43  261  896  859 2.43 
  43  261  981  784 2.86 
  43  261  981  859 2.29 
 128   37  725  859 3.14 
 128   37  811  709 3.14 
 128   37  811  784 3.57 
 128   37  811  859 3.14 
 128   37  896  635 3.29 
 128   37  896  709 3.29 
 128   37  896  784 3.29 
 128   37  896  859 3.29 
 128   37  981  635 3.86 
 128   37  981  709 3.57 
 128   37  981  784 3.57 
 128   37  981  859 3.43 
 128  112  811  784 3.57 
 128  112  811  859 2.86 
 128  112  896  709 3.86 
 128  112  896  784 3.29 
 128  112  896  859 2.86 
 128  112  981  709 4.14 
 128  112  981  784 3.57 
 128  112  981  859 3.00 
 128  187  811  859 2.71 
 128  187  896  784 3.57 
 128  187  896  859 2.71 
 128  187  981  784 3.14 
 128  187  981  859 3.14 
 128  261  896  859 2.86 
 128  261  981  859 2.57 
 213   37  811  859 2.14 
 213   37  896  709 2.57 
 213   37  896  784 2.71 
 213   37  896  859 2.29 
 213   37  981  635 2.57 
 213   37  981  709 2.57 
 213   37  981  784 2.14 
 213   37  981  859 2.29 
 213  112  896  784 2.57 
 213  112  896  859 2.29 
 213  112  981  709 2.71 
 213  112  981  784 2.57 
 213  112  981  859 2.29 
 213  187  896  859 2.14 
 213  187  981  784 2.43 
 213  187  981  859 2.43 
 213  261  981  859 2.00 
 299   37  896  859 1.29 
 299   37  981  709 1.71 
 299   37  981  784 1.43 
 299   37  981  859 1.29 
 299  112  981  784 1.29 
 299  112  981  859 1.43 
 299  187  981  859 1.29 
