  43   35  725  656 2.29 
  43   35  725  725 2.86 
  43   35  725  794 3.29 
  43   35  811  587 1.00 
  43   35  811  656 2.29 
  43   35  811  725 3.00 
  43   35  811  794 3.00 
  43   35  896  587 1.00 
  43   35  896  656 2.29 
  43   35  896  725 3.00 
  43   35  896  794 3.14 
  43   35  981  587 1.00 
  43   35  981  656 2.29 
  43   35  981  725 3.00 
  43   35  981  794 3.00 
  43  104  725  725 2.86 
  43  104  725  794 3.57 
  43  104  811  656 2.29 
  43  104  811  725 3.00 
  43  104  811  794 3.71 
  43  104  896  656 2.29 
  43  104  896  725 3.00 
  43  104  896  794 3.43 
  43  104  981  587 1.00 
  43  104  981  656 2.29 
  43  104  981  725 3.00 
  43  104  981  794 3.00 
  43  173  725  794 4.14 
  43  173  811  725 3.00 
  43  173  811  794 4.00 
  43  173  896  725 3.14 
  43  173  896  794 3.71 
  43  173  981  656 2.29 
  43  173  981  725 3.00 
  43  173  981  794 3.29 
  43  242  811  794 4.29 
  43  242  896  794 3.71 
  43  242  981  725 3.14 
  43  242  981  794 3.29 
 128   35  725  794 2.43 
 128   35  811  656 2.29 
 128   35  811  725 2.57 
 128   35  811  794 2.43 
 128   35  896  587 1.00 
 128   35  896  656 2.29 
 128   35  896  725 2.43 
 128   35  896  794 2.57 
 128   35  981  587 1.00 
 128   35  981  656 2.29 
 128   35  981  725 2.43 
 128   35  981  794 2.43 
 128  104  811  725 2.57 
 128  104  811  794 2.57 
 128  104  896  656 2.29 
 128  104  896  725 2.43 
 128  104  896  794 2.43 
 128  104  981  656 2.29 
 128  104  981  725 2.43 
 128  104  981  794 2.43 
 128  173  811  794 2.57 
 128  173  896  725 2.43 
 128  173  896  794 2.43 
 128  173  981  725 2.71 
 128  173  981  794 2.43 
 128  242  896  794 2.43 
 128  242  981  794 2.57 
 213   35  811  794 1.14 
 213   35  896  656 1.29 
 213   35  896  725 1.29 
 213   35  896  794 1.29 
 213   35  981  587 1.00 
 213   35  981  656 1.29 
 213   35  981  725 1.29 
 213   35  981  794 1.43 
 213  104  896  725 1.29 
 213  104  896  794 1.29 
 213  104  981  656 1.29 
 213  104  981  725 1.29 
 213  104  981  794 1.29 
 213  173  896  794 1.29 
 213  173  981  725 1.29 
 213  173  981  794 1.29 
 213  242  981  794 1.14 
 299   35  896  794 1.00 
 299   35  981  656 1.14 
 299   35  981  725 1.14 
 299   35  981  794 1.00 
 299  104  981  725 1.14 
 299  104  981  794 1.00 
 299  173  981  794 1.14 
