  34   43  575  811 2.14 
  34   43  575  896 2.43 
  34   43  575  981 2.43 
  34   43  643  725 2.71 
  34   43  643  811 2.86 
  34   43  643  896 3.57 
  34   43  643  981 3.14 
  34   43  711  725 3.29 
  34   43  711  811 3.29 
  34   43  711  896 3.43 
  34   43  711  981 3.57 
  34   43  778  725 3.43 
  34   43  778  811 4.00 
  34   43  778  896 4.29 
  34   43  778  981 4.29 
  34  128  575  896 2.14 
  34  128  575  981 2.14 
  34  128  643  811 2.86 
  34  128  643  896 2.43 
  34  128  643  981 2.14 
  34  128  711  811 3.00 
  34  128  711  896 2.71 
  34  128  711  981 2.29 
  34  128  778  725 3.57 
  34  128  778  811 3.43 
  34  128  778  896 3.29 
  34  128  778  981 3.14 
  34  213  575  981 1.00 
  34  213  643  896 1.43 
  34  213  643  981 1.14 
  34  213  711  896 1.71 
  34  213  711  981 1.14 
  34  213  778  811 2.00 
  34  213  778  896 1.86 
  34  213  778  981 1.43 
  34  299  643  981 1.00 
  34  299  711  981 1.00 
  34  299  778  896 1.14 
  34  299  778  981 1.14 
 102   43  575  981 2.71 
 102   43  643  811 3.29 
 102   43  643  896 4.00 
 102   43  643  981 4.00 
 102   43  711  725 3.29 
 102   43  711  811 3.71 
 102   43  711  896 4.43 
 102   43  711  981 4.29 
 102   43  778  725 3.14 
 102   43  778  811 3.71 
 102   43  778  896 3.71 
 102   43  778  981 4.00 
 102  128  643  896 3.00 
 102  128  643  981 2.86 
 102  128  711  811 3.29 
 102  128  711  896 3.00 
 102  128  711  981 3.00 
 102  128  778  811 3.43 
 102  128  778  896 3.14 
 102  128  778  981 2.71 
 102  213  643  981 1.29 
 102  213  711  896 1.71 
 102  213  711  981 1.29 
 102  213  778  896 1.71 
 102  213  778  981 1.57 
 102  299  711  981 1.00 
 102  299  778  981 1.14 
 169   43  643  981 2.14 
 169   43  711  811 2.14 
 169   43  711  896 2.29 
 169   43  711  981 2.29 
 169   43  778  725 2.14 
 169   43  778  811 2.00 
 169   43  778  896 2.14 
 169   43  778  981 2.14 
 169  128  711  896 2.14 
 169  128  711  981 2.14 
 169  128  778  811 2.14 
 169  128  778  896 2.14 
 169  128  778  981 2.00 
 169  213  711  981 1.29 
 169  213  778  896 1.43 
 169  213  778  981 1.29 
 169  299  778  981 1.00 
 237   43  711  981 1.29 
 237   43  778  811 1.14 
 237   43  778  896 1.57 
 237   43  778  981 1.29 
 237  128  778  896 1.14 
 237  128  778  981 1.43 
 237  213  778  981 1.00 
