  28   42  472  792 2.71 
  28   42  472  875 2.86 
  28   42  472  958 2.86 
  28   42  528  708 1.57 
  28   42  528  792 2.71 
  28   42  528  875 3.43 
  28   42  528  958 4.00 
  28   42  584  708 1.29 
  28   42  584  792 2.71 
  28   42  584  875 3.43 
  28   42  584  958 4.57 
  28   42  639  708 1.29 
  28   42  639  792 2.71 
  28   42  639  875 3.00 
  28   42  639  958 3.29 
  28  125  472  875 2.86 
  28  125  472  958 2.86 
  28  125  528  792 2.71 
  28  125  528  875 3.43 
  28  125  528  958 3.86 
  28  125  584  792 2.71 
  28  125  584  875 4.14 
  28  125  584  958 4.71 
  28  125  639  708 1.29 
  28  125  639  792 2.71 
  28  125  639  875 3.43 
  28  125  639  958 3.43 
  28  208  472  958 2.86 
  28  208  528  875 3.86 
  28  208  528  958 3.29 
  28  208  584  875 4.43 
  28  208  584  958 3.86 
  28  208  639  792 2.71 
  28  208  639  875 3.29 
  28  208  639  958 3.43 
  28  292  528  958 3.00 
  28  292  584  958 3.14 
  28  292  639  875 3.43 
  28  292  639  958 3.00 
  83   42  472  958 -2.00 
  83   42  528  792 2.57 
  83   42  528  875 3.43 
  83   42  528  958 4.43 
  83   42  584  708 1.29 
  83   42  584  792 2.71 
  83   42  584  875 3.29 
  83   42  584  958 4.57 
  83   42  639  708 1.29 
  83   42  639  792 2.71 
  83   42  639  875 3.00 
  83   42  639  958 3.14 
  83  125  528  875 3.86 
  83  125  528  958 4.14 
  83  125  584  792 2.71 
  83  125  584  875 3.57 
  83  125  584  958 4.29 
  83  125  639  792 2.71 
  83  125  639  875 3.14 
  83  125  639  958 3.14 
  83  208  528  958 3.57 
  83  208  584  875 4.14 
  83  208  584  958 3.71 
  83  208  639  875 3.00 
  83  208  639  958 3.00 
  83  292  584  958 3.14 
  83  292  639  958 3.00 
 139   42  528  958 -2.00 
 139   42  584  792 2.71 
 139   42  584  875 3.00 
 139   42  584  958 3.43 
 139   42  639  708 1.29 
 139   42  639  792 2.71 
 139   42  639  875 3.00 
 139   42  639  958 3.14 
 139  125  584  875 3.29 
 139  125  584  958 3.29 
 139  125  639  792 2.71 
 139  125  639  875 3.14 
 139  125  639  958 3.14 
 139  208  584  958 3.00 
 139  208  639  875 3.14 
 139  208  639  958 3.00 
 139  292  639  958 3.00 
 195   42  584  958 -2.00 
 195   42  639  792 2.71 
 195   42  639  875 3.14 
 195   42  639  958 3.14 
 195  125  639  875 3.00 
 195  125  639  958 3.14 
 195  208  639  958 3.00 
