  42   43  718  811 3.29 
  42   43  718  896 3.29 
  42   43  718  981 3.14 
  42   43  803  725 3.29 
  42   43  803  811 3.43 
  42   43  803  896 3.29 
  42   43  803  981 3.14 
  42   43  887  725 3.43 
  42   43  887  811 4.00 
  42   43  887  896 3.43 
  42   43  887  981 3.29 
  42   43  972  725 4.14 
  42   43  972  811 4.00 
  42   43  972  896 3.86 
  42   43  972  981 3.43 
  42  128  718  896 2.71 
  42  128  718  981 2.86 
  42  128  803  811 2.86 
  42  128  803  896 2.86 
  42  128  803  981 2.86 
  42  128  887  811 2.86 
  42  128  887  896 2.86 
  42  128  887  981 2.86 
  42  128  972  725 3.43 
  42  128  972  811 3.00 
  42  128  972  896 2.86 
  42  128  972  981 2.71 
  42  213  718  981 1.71 
  42  213  803  896 1.86 
  42  213  803  981 1.86 
  42  213  887  896 1.86 
  42  213  887  981 1.86 
  42  213  972  811 2.00 
  42  213  972  896 2.00 
  42  213  972  981 1.86 
  42  299  803  981 1.29 
  42  299  887  981 1.57 
  42  299  972  896 1.43 
  42  299  972  981 1.43 
 127   43  718  981 3.14 
 127   43  803  811 4.14 
 127   43  803  896 3.71 
 127   43  803  981 3.29 
 127   43  887  725 4.29 
 127   43  887  811 4.00 
 127   43  887  896 4.00 
 127   43  887  981 3.14 
 127   43  972  725 4.43 
 127   43  972  811 4.14 
 127   43  972  896 3.86 
 127   43  972  981 3.71 
 127  128  803  896 2.71 
 127  128  803  981 2.71 
 127  128  887  811 3.00 
 127  128  887  896 2.86 
 127  128  887  981 2.86 
 127  128  972  811 3.00 
 127  128  972  896 2.86 
 127  128  972  981 2.86 
 127  213  803  981 1.86 
 127  213  887  896 2.14 
 127  213  887  981 2.14 
 127  213  972  896 1.71 
 127  213  972  981 1.86 
 127  299  887  981 1.14 
 127  299  972  981 1.43 
 211   43  803  981 3.29 
 211   43  887  811 4.00 
 211   43  887  896 3.86 
 211   43  887  981 3.14 
 211   43  972  725 3.86 
 211   43  972  811 4.00 
 211   43  972  896 3.71 
 211   43  972  981 3.14 
 211  128  887  896 2.86 
 211  128  887  981 2.86 
 211  128  972  811 2.86 
 211  128  972  896 2.86 
 211  128  972  981 2.86 
 211  213  887  981 2.14 
 211  213  972  896 2.14 
 211  213  972  981 1.86 
 211  299  972  981 1.43 
 296   43  887  981 2.71 
 296   43  972  811 3.00 
 296   43  972  896 2.86 
 296   43  972  981 2.71 
 296  128  972  896 2.71 
 296  128  972  981 2.57 
 296  213  972  981 2.00 
