  43   34  725  651 2.86 
  43   34  725  719 3.00 
  43   34  725  788 2.86 
  43   34  811  582 3.14 
  43   34  811  651 3.14 
  43   34  811  719 3.14 
  43   34  811  788 2.57 
  43   34  896  582 3.29 
  43   34  896  651 3.29 
  43   34  896  719 3.14 
  43   34  896  788 3.00 
  43   34  981  582 4.00 
  43   34  981  651 4.43 
  43   34  981  719 4.71 
  43   34  981  788 3.86 
  43  103  725  719 2.14 
  43  103  725  788 2.29 
  43  103  811  651 2.57 
  43  103  811  719 2.14 
  43  103  811  788 2.29 
  43  103  896  651 2.71 
  43  103  896  719 2.71 
  43  103  896  788 2.57 
  43  103  981  582 3.57 
  43  103  981  651 3.00 
  43  103  981  719 3.00 
  43  103  981  788 2.71 
  43  171  725  788 1.00 
  43  171  811  719 1.00 
  43  171  811  788 1.00 
  43  171  896  719 1.14 
  43  171  896  788 1.00 
  43  171  981  651 1.43 
  43  171  981  719 1.29 
  43  171  981  788 1.43 
  43  240  811  788 1.29 
  43  240  896  788 1.43 
  43  240  981  719 1.29 
  43  240  981  788 1.29 
 128   34  725  788 2.86 
 128   34  811  651 3.14 
 128   34  811  719 3.29 
 128   34  811  788 3.14 
 128   34  896  582 3.14 
 128   34  896  651 3.43 
 128   34  896  719 3.43 
 128   34  896  788 3.14 
 128   34  981  582 4.29 
 128   34  981  651 4.57 
 128   34  981  719 4.43 
 128   34  981  788 3.71 
 128  103  811  719 2.14 
 128  103  811  788 2.43 
 128  103  896  651 3.00 
 128  103  896  719 2.71 
 128  103  896  788 2.57 
 128  103  981  651 3.00 
 128  103  981  719 2.86 
 128  103  981  788 2.71 
 128  171  811  788 1.00 
 128  171  896  719 1.00 
 128  171  896  788 1.14 
 128  171  981  719 1.43 
 128  171  981  788 1.14 
 128  240  896  788 1.29 
 128  240  981  788 1.29 
 213   34  811  788 2.14 
 213   34  896  651 2.14 
 213   34  896  719 2.29 
 213   34  896  788 2.43 
 213   34  981  582 2.14 
 213   34  981  651 2.57 
 213   34  981  719 2.43 
 213   34  981  788 2.43 
 213  103  896  719 2.14 
 213  103  896  788 1.86 
 213  103  981  651 2.43 
 213  103  981  719 2.29 
 213  103  981  788 2.00 
 213  171  896  788 1.00 
 213  171  981  719 1.00 
 213  171  981  788 1.00 
 213  240  981  788 1.43 
 299   34  896  788 1.71 
 299   34  981  651 2.00 
 299   34  981  719 2.00 
 299   34  981  788 1.71 
 299  103  981  719 2.00 
 299  103  981  788 1.71 
 299  171  981  788 1.00 
