  33   43  565  811 3.00 
  33   43  565  896 3.14 
  33   43  565  981 3.43 
  33   43  632  725 3.00 
  33   43  632  811 3.14 
  33   43  632  896 3.00 
  33   43  632  981 3.43 
  33   43  698  725 2.86 
  33   43  698  811 3.00 
  33   43  698  896 3.29 
  33   43  698  981 3.86 
  33   43  765  725 2.86 
  33   43  765  811 3.86 
  33   43  765  896 4.57 
  33   43  765  981 4.57 
  33  128  565  896 3.14 
  33  128  565  981 3.14 
  33  128  632  811 3.29 
  33  128  632  896 3.14 
  33  128  632  981 3.14 
  33  128  698  811 3.71 
  33  128  698  896 4.00 
  33  128  698  981 3.43 
  33  128  765  725 3.57 
  33  128  765  811 4.14 
  33  128  765  896 4.29 
  33  128  765  981 4.00 
  33  213  565  981 2.00 
  33  213  632  896 2.43 
  33  213  632  981 2.29 
  33  213  698  896 2.71 
  33  213  698  981 2.29 
  33  213  765  811 3.14 
  33  213  765  896 2.71 
  33  213  765  981 2.43 
  33  299  632  981 1.29 
  33  299  698  981 1.43 
  33  299  765  896 1.57 
  33  299  765  981 1.57 
 100   43  565  981 4.00 
 100   43  632  811 3.43 
 100   43  632  896 3.71 
 100   43  632  981 4.14 
 100   43  698  725 3.14 
 100   43  698  811 3.14 
 100   43  698  896 4.29 
 100   43  698  981 4.29 
 100   43  765  725 3.00 
 100   43  765  811 4.00 
 100   43  765  896 4.14 
 100   43  765  981 4.57 
 100  128  632  896 4.00 
 100  128  632  981 3.43 
 100  128  698  811 4.00 
 100  128  698  896 4.00 
 100  128  698  981 4.29 
 100  128  765  811 4.00 
 100  128  765  896 4.14 
 100  128  765  981 3.71 
 100  213  632  981 2.86 
 100  213  698  896 2.71 
 100  213  698  981 2.86 
 100  213  765  896 3.00 
 100  213  765  981 2.57 
 100  299  698  981 1.43 
 100  299  765  981 1.57 
 166   43  632  981 3.71 
 166   43  698  811 3.43 
 166   43  698  896 4.00 
 166   43  698  981 3.86 
 166   43  765  725 3.00 
 166   43  765  811 3.14 
 166   43  765  896 3.43 
 166   43  765  981 3.71 
 166  128  698  896 3.86 
 166  128  698  981 3.71 
 166  128  765  811 3.57 
 166  128  765  896 4.00 
 166  128  765  981 3.86 
 166  213  698  981 2.86 
 166  213  765  896 3.00 
 166  213  765  981 2.86 
 166  299  765  981 1.29 
 233   43  698  981 2.14 
 233   43  765  811 2.00 
 233   43  765  896 2.29 
 233   43  765  981 2.14 
 233  128  765  896 2.29 
 233  128  765  981 2.14 
 233  213  765  981 1.57 
