  33   43  559  811 3.29 
  33   43  559  896 3.57 
  33   43  559  981 3.57 
  33   43  625  725 3.14 
  33   43  625  811 3.14 
  33   43  625  896 3.71 
  33   43  625  981 3.29 
  33   43  690  725 3.29 
  33   43  690  811 3.57 
  33   43  690  896 3.57 
  33   43  690  981 3.43 
  33   43  756  725 3.14 
  33   43  756  811 3.43 
  33   43  756  896 3.43 
  33   43  756  981 3.29 
  33  128  559  896 2.00 
  33  128  559  981 2.14 
  33  128  625  811 2.00 
  33  128  625  896 2.00 
  33  128  625  981 1.86 
  33  128  690  811 2.14 
  33  128  690  896 2.00 
  33  128  690  981 2.00 
  33  128  756  725 2.00 
  33  128  756  811 2.00 
  33  128  756  896 2.14 
  33  128  756  981 2.00 
  33  213  559  981 1.29 
  33  213  625  896 1.29 
  33  213  625  981 1.29 
  33  213  690  896 1.43 
  33  213  690  981 1.43 
  33  213  756  811 1.43 
  33  213  756  896 1.29 
  33  213  756  981 1.43 
  33  299  625  981 1.57 
  33  299  690  981 1.86 
  33  299  756  896 1.86 
  33  299  756  981 1.71 
  99   43  559  981 3.29 
  99   43  625  811 3.29 
  99   43  625  896 3.14 
  99   43  625  981 3.14 
  99   43  690  725 3.29 
  99   43  690  811 3.43 
  99   43  690  896 3.43 
  99   43  690  981 3.43 
  99   43  756  725 3.00 
  99   43  756  811 3.57 
  99   43  756  896 3.43 
  99   43  756  981 3.57 
  99  128  625  896 2.00 
  99  128  625  981 2.14 
  99  128  690  811 2.00 
  99  128  690  896 2.00 
  99  128  690  981 2.00 
  99  128  756  811 2.14 
  99  128  756  896 2.00 
  99  128  756  981 2.00 
  99  213  625  981 1.14 
  99  213  690  896 1.14 
  99  213  690  981 1.43 
  99  213  756  896 1.57 
  99  213  756  981 1.29 
  99  299  690  981 1.57 
  99  299  756  981 1.86 
 164   43  625  981 3.29 
 164   43  690  811 3.00 
 164   43  690  896 3.43 
 164   43  690  981 3.14 
 164   43  756  725 2.86 
 164   43  756  811 3.14 
 164   43  756  896 3.14 
 164   43  756  981 3.43 
 164  128  690  896 2.00 
 164  128  690  981 2.14 
 164  128  756  811 2.14 
 164  128  756  896 2.00 
 164  128  756  981 1.86 
 164  213  690  981 1.14 
 164  213  756  896 1.14 
 164  213  756  981 1.43 
 164  299  756  981 1.71 
 230   43  690  981 2.29 
 230   43  756  811 2.57 
 230   43  756  896 2.43 
 230   43  756  981 2.43 
 230  128  756  896 2.14 
 230  128  756  981 2.14 
 230  213  756  981 1.43 
