  43   37  725  701 1.29 
  43   37  725  775 1.14 
  43   37  725  849 1.14 
  43   37  811  628 1.71 
  43   37  811  701 2.29 
  43   37  811  775 2.14 
  43   37  811  849 2.00 
  43   37  896  628 2.29 
  43   37  896  701 2.86 
  43   37  896  775 2.43 
  43   37  896  849 2.86 
  43   37  981  628 3.57 
  43   37  981  701 3.86 
  43   37  981  775 4.43 
  43   37  981  849 4.14 
  43  111  725  775 1.00 
  43  111  725  849 1.14 
  43  111  811  701 1.86 
  43  111  811  775 2.00 
  43  111  811  849 2.43 
  43  111  896  701 2.43 
  43  111  896  775 2.57 
  43  111  896  849 2.86 
  43  111  981  628 3.86 
  43  111  981  701 4.14 
  43  111  981  775 4.14 
  43  111  981  849 4.00 
  43  185  725  849 1.00 
  43  185  811  775 2.14 
  43  185  811  849 2.00 
  43  185  896  775 2.43 
  43  185  896  849 2.57 
  43  185  981  701 3.86 
  43  185  981  775 3.86 
  43  185  981  849 3.57 
  43  258  811  849 2.00 
  43  258  896  849 2.43 
  43  258  981  775 3.57 
  43  258  981  849 3.71 
 128   37  725  849 1.00 
 128   37  811  701 2.00 
 128   37  811  775 2.43 
 128   37  811  849 2.00 
 128   37  896  628 2.43 
 128   37  896  701 2.57 
 128   37  896  775 2.86 
 128   37  896  849 2.71 
 128   37  981  628 3.86 
 128   37  981  701 4.29 
 128   37  981  775 4.29 
 128   37  981  849 4.14 
 128  111  811  775 2.29 
 128  111  811  849 1.86 
 128  111  896  701 2.43 
 128  111  896  775 2.86 
 128  111  896  849 2.86 
 128  111  981  701 4.14 
 128  111  981  775 4.00 
 128  111  981  849 3.71 
 128  185  811  849 1.86 
 128  185  896  775 2.57 
 128  185  896  849 2.71 
 128  185  981  775 3.86 
 128  185  981  849 3.71 
 128  258  896  849 2.71 
 128  258  981  849 3.71 
 213   37  811  849 1.86 
 213   37  896  701 3.00 
 213   37  896  775 3.00 
 213   37  896  849 2.71 
 213   37  981  628 3.71 
 213   37  981  701 4.43 
 213   37  981  775 4.14 
 213   37  981  849 4.00 
 213  111  896  775 2.71 
 213  111  896  849 2.71 
 213  111  981  701 4.00 
 213  111  981  775 4.29 
 213  111  981  849 3.71 
 213  185  896  849 2.71 
 213  185  981  775 3.86 
 213  185  981  849 3.86 
 213  258  981  849 3.71 
 299   37  896  849 2.57 
 299   37  981  701 4.43 
 299   37  981  775 3.86 
 299   37  981  849 3.71 
 299  111  981  775 4.14 
 299  111  981  849 3.57 
 299  185  981  849 3.71 
