  34   43  580  811 2.71 
  34   43  580  896 3.57 
  34   43  580  981 3.29 
  34   43  648  725 2.86 
  34   43  648  811 2.43 
  34   43  648  896 2.43 
  34   43  648  981 2.57 
  34   43  717  725 2.43 
  34   43  717  811 2.57 
  34   43  717  896 2.86 
  34   43  717  981 2.43 
  34   43  785  725 2.57 
  34   43  785  811 2.00 
  34   43  785  896 2.43 
  34   43  785  981 2.57 
  34  128  580  896 3.43 
  34  128  580  981 3.71 
  34  128  648  811 2.86 
  34  128  648  896 2.57 
  34  128  648  981 2.29 
  34  128  717  811 2.57 
  34  128  717  896 2.43 
  34  128  717  981 2.29 
  34  128  785  725 2.57 
  34  128  785  811 2.86 
  34  128  785  896 2.29 
  34  128  785  981 2.43 
  34  213  580  981 3.86 
  34  213  648  896 2.57 
  34  213  648  981 2.71 
  34  213  717  896 2.43 
  34  213  717  981 2.43 
  34  213  785  811 2.29 
  34  213  785  896 2.43 
  34  213  785  981 2.14 
  34  299  648  981 2.57 
  34  299  717  981 2.00 
  34  299  785  896 1.86 
  34  299  785  981 1.86 
 102   43  580  981 3.43 
 102   43  648  811 2.57 
 102   43  648  896 3.00 
 102   43  648  981 2.71 
 102   43  717  725 2.43 
 102   43  717  811 2.43 
 102   43  717  896 2.29 
 102   43  717  981 2.29 
 102   43  785  725 2.00 
 102   43  785  811 2.29 
 102   43  785  896 2.29 
 102   43  785  981 2.71 
 102  128  648  896 2.57 
 102  128  648  981 2.86 
 102  128  717  811 2.57 
 102  128  717  896 2.29 
 102  128  717  981 2.57 
 102  128  785  811 2.14 
 102  128  785  896 2.43 
 102  128  785  981 2.43 
 102  213  648  981 2.29 
 102  213  717  896 2.29 
 102  213  717  981 1.86 
 102  213  785  896 2.14 
 102  213  785  981 2.29 
 102  299  717  981 2.00 
 102  299  785  981 1.86 
 171   43  648  981 3.00 
 171   43  717  811 2.71 
 171   43  717  896 2.57 
 171   43  717  981 2.71 
 171   43  785  725 2.29 
 171   43  785  811 2.43 
 171   43  785  896 2.86 
 171   43  785  981 2.86 
 171  128  717  896 2.57 
 171  128  717  981 2.57 
 171  128  785  811 2.86 
 171  128  785  896 2.57 
 171  128  785  981 2.57 
 171  213  717  981 2.29 
 171  213  785  896 2.14 
 171  213  785  981 2.14 
 171  299  785  981 1.86 
 239   43  717  981 2.71 
 239   43  785  811 2.43 
 239   43  785  896 2.71 
 239   43  785  981 2.71 
 239  128  785  896 2.29 
 239  128  785  981 2.43 
 239  213  785  981 2.14 
