  26   43  448  811 1.57 
  26   43  448  896 1.86 
  26   43  448  981 -2.00 
  26   43  500  725 1.29 
  26   43  500  811 1.43 
  26   43  500  896 2.00 
  26   43  500  981 2.86 
  26   43  553  725 1.29 
  26   43  553  811 2.00 
  26   43  553  896 2.57 
  26   43  553  981 3.29 
  26   43  606  725 1.14 
  26   43  606  811 1.57 
  26   43  606  896 2.43 
  26   43  606  981 3.43 
  26  128  448  896 2.00 
  26  128  448  981 2.14 
  26  128  500  811 1.71 
  26  128  500  896 2.43 
  26  128  500  981 2.86 
  26  128  553  811 2.00 
  26  128  553  896 2.86 
  26  128  553  981 3.43 
  26  128  606  725 1.43 
  26  128  606  811 2.14 
  26  128  606  896 3.00 
  26  128  606  981 3.43 
  26  213  448  981 2.14 
  26  213  500  896 2.57 
  26  213  500  981 3.14 
  26  213  553  896 3.00 
  26  213  553  981 3.57 
  26  213  606  811 1.86 
  26  213  606  896 3.29 
  26  213  606  981 3.57 
  26  299  500  981 3.29 
  26  299  553  981 3.57 
  26  299  606  896 3.14 
  26  299  606  981 3.57 
  79   43  448  981 -2.00 
  79   43  500  811 1.71 
  79   43  500  896 2.71 
  79   43  500  981 -2.00 
  79   43  553  725 1.57 
  79   43  553  811 1.71 
  79   43  553  896 2.43 
  79   43  553  981 3.43 
  79   43  606  725 1.14 
  79   43  606  811 1.86 
  79   43  606  896 2.43 
  79   43  606  981 3.71 
  79  128  500  896 2.71 
  79  128  500  981 3.14 
  79  128  553  811 2.14 
  79  128  553  896 3.00 
  79  128  553  981 3.71 
  79  128  606  811 1.71 
  79  128  606  896 2.86 
  79  128  606  981 3.71 
  79  213  500  981 3.71 
  79  213  553  896 2.86 
  79  213  553  981 3.71 
  79  213  606  896 3.14 
  79  213  606  981 3.71 
  79  299  553  981 3.71 
  79  299  606  981 3.86 
 132   43  500  981 -2.00 
 132   43  553  811 1.86 
 132   43  553  896 2.43 
 132   43  553  981 -2.00 
 132   43  606  725 1.29 
 132   43  606  811 1.71 
 132   43  606  896 2.57 
 132   43  606  981 3.00 
 132  128  553  896 3.00 
 132  128  553  981 3.86 
 132  128  606  811 2.00 
 132  128  606  896 2.86 
 132  128  606  981 3.43 
 132  213  553  981 3.71 
 132  213  606  896 3.00 
 132  213  606  981 4.00 
 132  299  606  981 3.71 
 184   43  553  981 -2.00 
 184   43  606  811 1.71 
 184   43  606  896 2.43 
 184   43  606  981 -2.00 
 184  128  606  896 2.86 
 184  128  606  981 3.00 
 184  213  606  981 3.43 
