  32   43  540  811 1.14 
  32   43  540  896 1.43 
  32   43  540  981 1.29 
  32   43  603  725 1.14 
  32   43  603  811 1.57 
  32   43  603  896 1.57 
  32   43  603  981 1.86 
  32   43  667  725 1.29 
  32   43  667  811 1.86 
  32   43  667  896 2.14 
  32   43  667  981 2.57 
  32   43  730  725 1.43 
  32   43  730  811 2.00 
  32   43  730  896 2.43 
  32   43  730  981 3.14 
  32  128  540  896 1.29 
  32  128  540  981 1.43 
  32  128  603  811 1.43 
  32  128  603  896 1.71 
  32  128  603  981 1.57 
  32  128  667  811 2.00 
  32  128  667  896 2.14 
  32  128  667  981 2.57 
  32  128  730  725 1.57 
  32  128  730  811 2.29 
  32  128  730  896 2.57 
  32  128  730  981 3.43 
  32  213  540  981 1.29 
  32  213  603  896 1.57 
  32  213  603  981 1.71 
  32  213  667  896 2.29 
  32  213  667  981 2.29 
  32  213  730  811 2.14 
  32  213  730  896 2.71 
  32  213  730  981 3.71 
  32  299  603  981 1.57 
  32  299  667  981 2.71 
  32  299  730  896 2.71 
  32  299  730  981 4.00 
  95   43  540  981 1.29 
  95   43  603  811 1.43 
  95   43  603  896 1.57 
  95   43  603  981 1.71 
  95   43  667  725 1.43 
  95   43  667  811 1.86 
  95   43  667  896 2.14 
  95   43  667  981 2.43 
  95   43  730  725 1.43 
  95   43  730  811 1.86 
  95   43  730  896 2.57 
  95   43  730  981 3.14 
  95  128  603  896 1.57 
  95  128  603  981 1.71 
  95  128  667  811 1.57 
  95  128  667  896 2.14 
  95  128  667  981 2.57 
  95  128  730  811 1.86 
  95  128  730  896 2.43 
  95  128  730  981 3.57 
  95  213  603  981 1.57 
  95  213  667  896 2.29 
  95  213  667  981 2.29 
  95  213  730  896 2.57 
  95  213  730  981 3.71 
  95  299  667  981 2.71 
  95  299  730  981 4.00 
 159   43  603  981 1.71 
 159   43  667  811 1.71 
 159   43  667  896 2.29 
 159   43  667  981 2.43 
 159   43  730  725 1.43 
 159   43  730  811 2.00 
 159   43  730  896 2.43 
 159   43  730  981 3.29 
 159  128  667  896 2.14 
 159  128  667  981 2.43 
 159  128  730  811 1.86 
 159  128  730  896 2.57 
 159  128  730  981 3.86 
 159  213  667  981 2.43 
 159  213  730  896 2.43 
 159  213  730  981 3.57 
 159  299  730  981 3.86 
 222   43  667  981 2.29 
 222   43  730  811 1.86 
 222   43  730  896 2.71 
 222   43  730  981 3.00 
 222  128  730  896 2.29 
 222  128  730  981 3.43 
 222  213  730  981 3.71 
