  43   32  725  602 1.14 
  43   32  725  666 1.00 
  43   32  725  729 1.00 
  43   32  811  539 1.57 
  43   32  811  602 1.71 
  43   32  811  666 1.43 
  43   32  811  729 1.71 
  43   32  896  539 2.43 
  43   32  896  602 2.57 
  43   32  896  666 2.71 
  43   32  896  729 2.57 
  43   32  981  539 3.29 
  43   32  981  602 4.14 
  43   32  981  666 4.29 
  43   32  981  729 4.29 
  43   95  725  666 1.14 
  43   95  725  729 1.14 
  43   95  811  602 2.00 
  43   95  811  666 1.57 
  43   95  811  729 1.57 
  43   95  896  602 2.29 
  43   95  896  666 2.57 
  43   95  896  729 2.71 
  43   95  981  539 -2.00 
  43   95  981  602 4.14 
  43   95  981  666 4.00 
  43   95  981  729 4.00 
  43  159  725  729 1.29 
  43  159  811  666 1.71 
  43  159  811  729 1.43 
  43  159  896  666 2.57 
  43  159  896  729 2.71 
  43  159  981  602 -2.00 
  43  159  981  666 3.57 
  43  159  981  729 3.71 
  43  222  811  729 1.43 
  43  222  896  729 2.14 
  43  222  981  666 -2.00 
  43  222  981  729 3.29 
 128   32  725  729 1.00 
 128   32  811  602 1.43 
 128   32  811  666 1.71 
 128   32  811  729 1.43 
 128   32  896  539 2.43 
 128   32  896  602 2.71 
 128   32  896  666 2.43 
 128   32  896  729 2.86 
 128   32  981  539 3.43 
 128   32  981  602 3.86 
 128   32  981  666 4.43 
 128   32  981  729 4.29 
 128   95  811  666 1.86 
 128   95  811  729 1.71 
 128   95  896  602 2.86 
 128   95  896  666 2.57 
 128   95  896  729 2.86 
 128   95  981  602 4.14 
 128   95  981  666 3.86 
 128   95  981  729 4.29 
 128  159  811  729 1.71 
 128  159  896  666 2.43 
 128  159  896  729 2.86 
 128  159  981  666 3.86 
 128  159  981  729 3.43 
 128  222  896  729 2.43 
 128  222  981  729 3.00 
 213   32  811  729 1.57 
 213   32  896  602 3.00 
 213   32  896  666 3.00 
 213   32  896  729 3.14 
 213   32  981  539 3.43 
 213   32  981  602 3.86 
 213   32  981  666 4.00 
 213   32  981  729 4.14 
 213   95  896  666 3.00 
 213   95  896  729 3.00 
 213   95  981  602 3.86 
 213   95  981  666 4.29 
 213   95  981  729 3.57 
 213  159  896  729 2.86 
 213  159  981  666 3.71 
 213  159  981  729 3.43 
 213  222  981  729 3.00 
 299   32  896  729 2.86 
 299   32  981  602 3.71 
 299   32  981  666 3.86 
 299   32  981  729 3.14 
 299   95  981  666 3.57 
 299   95  981  729 3.71 
 299  159  981  729 3.43 
