  43   33  725  625 2.43 
  43   33  725  690 2.14 
  43   33  725  756 2.57 
  43   33  811  559 3.00 
  43   33  811  625 2.71 
  43   33  811  690 2.86 
  43   33  811  756 2.14 
  43   33  896  559 3.00 
  43   33  896  625 3.43 
  43   33  896  690 3.29 
  43   33  896  756 3.29 
  43   33  981  559 3.14 
  43   33  981  625 3.86 
  43   33  981  690 3.43 
  43   33  981  756 3.29 
  43   99  725  690 2.00 
  43   99  725  756 3.00 
  43   99  811  625 2.71 
  43   99  811  690 3.29 
  43   99  811  756 3.14 
  43   99  896  625 3.57 
  43   99  896  690 3.29 
  43   99  896  756 3.14 
  43   99  981  559 -2.00 
  43   99  981  625 3.71 
  43   99  981  690 3.71 
  43   99  981  756 3.57 
  43  164  725  756 2.86 
  43  164  811  690 3.00 
  43  164  811  756 2.86 
  43  164  896  690 3.29 
  43  164  896  756 3.14 
  43  164  981  625 -2.00 
  43  164  981  690 3.57 
  43  164  981  756 3.86 
  43  230  811  756 3.14 
  43  230  896  756 3.14 
  43  230  981  690 -2.00 
  43  230  981  756 3.14 
 128   33  725  756 2.29 
 128   33  811  625 2.71 
 128   33  811  690 2.43 
 128   33  811  756 3.14 
 128   33  896  559 3.00 
 128   33  896  625 3.43 
 128   33  896  690 3.14 
 128   33  896  756 3.29 
 128   33  981  559 3.00 
 128   33  981  625 3.71 
 128   33  981  690 3.43 
 128   33  981  756 3.29 
 128   99  811  690 3.14 
 128   99  811  756 3.29 
 128   99  896  625 3.43 
 128   99  896  690 3.29 
 128   99  896  756 3.29 
 128   99  981  625 3.86 
 128   99  981  690 3.71 
 128   99  981  756 3.29 
 128  164  811  756 3.00 
 128  164  896  690 3.43 
 128  164  896  756 3.14 
 128  164  981  690 3.43 
 128  164  981  756 3.71 
 128  230  896  756 3.14 
 128  230  981  756 3.14 
 213   33  811  756 2.00 
 213   33  896  625 3.14 
 213   33  896  690 3.14 
 213   33  896  756 3.14 
 213   33  981  559 2.00 
 213   33  981  625 3.00 
 213   33  981  690 3.00 
 213   33  981  756 3.14 
 213   99  896  690 3.14 
 213   99  896  756 3.14 
 213   99  981  625 3.14 
 213   99  981  690 3.00 
 213   99  981  756 3.00 
 213  164  896  756 3.00 
 213  164  981  690 3.00 
 213  164  981  756 3.14 
 213  230  981  756 3.00 
 299   33  896  756 1.57 
 299   33  981  625 1.71 
 299   33  981  690 1.71 
 299   33  981  756 1.71 
 299   99  981  690 1.71 
 299   99  981  756 1.71 
 299  164  981  756 1.71 
