  43   32  725  608 3.00 
  43   32  725  672 4.00 
  43   32  725  736 3.71 
  43   32  811  544 2.14 
  43   32  811  608 3.29 
  43   32  811  672 4.71 
  43   32  811  736 4.00 
  43   32  896  544 2.14 
  43   32  896  608 3.71 
  43   32  896  672 4.86 
  43   32  896  736 4.57 
  43   32  981  544 2.43 
  43   32  981  608 3.71 
  43   32  981  672 4.86 
  43   32  981  736 4.43 
  43   96  725  672 3.57 
  43   96  725  736 2.86 
  43   96  811  608 4.00 
  43   96  811  672 3.29 
  43   96  811  736 3.14 
  43   96  896  608 4.14 
  43   96  896  672 3.57 
  43   96  896  736 3.00 
  43   96  981  544 -2.00 
  43   96  981  608 4.00 
  43   96  981  672 4.00 
  43   96  981  736 3.14 
  43  160  725  736 1.86 
  43  160  811  672 2.00 
  43  160  811  736 2.29 
  43  160  896  672 2.14 
  43  160  896  736 2.00 
  43  160  981  608 -2.00 
  43  160  981  672 2.14 
  43  160  981  736 2.00 
  43  224  811  736 1.86 
  43  224  896  736 1.57 
  43  224  981  672 -2.00 
  43  224  981  736 1.71 
 128   32  725  736 3.14 
 128   32  811  608 3.43 
 128   32  811  672 4.00 
 128   32  811  736 3.86 
 128   32  896  544 2.29 
 128   32  896  608 2.71 
 128   32  896  672 3.71 
 128   32  896  736 3.57 
 128   32  981  544 2.43 
 128   32  981  608 3.14 
 128   32  981  672 4.00 
 128   32  981  736 3.57 
 128   96  811  672 3.43 
 128   96  811  736 3.00 
 128   96  896  608 3.57 
 128   96  896  672 3.14 
 128   96  896  736 3.00 
 128   96  981  608 3.57 
 128   96  981  672 3.00 
 128   96  981  736 2.86 
 128  160  811  736 1.71 
 128  160  896  672 2.14 
 128  160  896  736 1.71 
 128  160  981  672 2.14 
 128  160  981  736 2.00 
 128  224  896  736 1.57 
 128  224  981  736 1.71 
 213   32  811  736 2.29 
 213   32  896  608 2.14 
 213   32  896  672 2.29 
 213   32  896  736 2.00 
 213   32  981  544 1.71 
 213   32  981  608 2.14 
 213   32  981  672 2.43 
 213   32  981  736 2.00 
 213   96  896  672 2.14 
 213   96  896  736 2.00 
 213   96  981  608 2.14 
 213   96  981  672 2.29 
 213   96  981  736 2.29 
 213  160  896  736 1.57 
 213  160  981  672 1.57 
 213  160  981  736 1.71 
 213  224  981  736 1.43 
 299   32  896  736 2.00 
 299   32  981  608 1.57 
 299   32  981  672 1.71 
 299   32  981  736 1.71 
 299   96  981  672 1.71 
 299   96  981  736 1.43 
 299  160  981  736 1.29 
