  31   43  526  811 1.00 
  31   43  526  896 1.00 
  31   43  526  981 1.00 
  31   43  587  725 1.00 
  31   43  587  811 1.00 
  31   43  587  896 1.29 
  31   43  587  981 1.43 
  31   43  649  725 1.14 
  31   43  649  811 1.43 
  31   43  649  896 1.86 
  31   43  649  981 2.00 
  31   43  711  725 1.71 
  31   43  711  811 2.86 
  31   43  711  896 3.00 
  31   43  711  981 3.29 
  31  128  526  896 1.00 
  31  128  526  981 1.00 
  31  128  587  811 1.29 
  31  128  587  896 1.29 
  31  128  587  981 1.29 
  31  128  649  811 1.57 
  31  128  649  896 1.71 
  31  128  649  981 1.86 
  31  128  711  725 1.71 
  31  128  711  811 2.86 
  31  128  711  896 3.29 
  31  128  711  981 3.14 
  31  213  526  981 1.00 
  31  213  587  896 1.29 
  31  213  587  981 1.14 
  31  213  649  896 1.86 
  31  213  649  981 1.71 
  31  213  711  811 3.14 
  31  213  711  896 3.00 
  31  213  711  981 3.00 
  31  299  587  981 1.14 
  31  299  649  981 1.43 
  31  299  711  896 3.00 
  31  299  711  981 2.57 
  93   43  526  981 1.29 
  93   43  587  811 1.29 
  93   43  587  896 1.43 
  93   43  587  981 1.57 
  93   43  649  725 1.43 
  93   43  649  811 2.00 
  93   43  649  896 2.14 
  93   43  649  981 2.29 
  93   43  711  725 1.71 
  93   43  711  811 2.86 
  93   43  711  896 3.14 
  93   43  711  981 3.29 
  93  128  587  896 1.29 
  93  128  587  981 1.43 
  93  128  649  811 2.00 
  93  128  649  896 2.29 
  93  128  649  981 2.29 
  93  128  711  811 3.00 
  93  128  711  896 3.43 
  93  128  711  981 3.43 
  93  213  587  981 1.29 
  93  213  649  896 1.86 
  93  213  649  981 2.00 
  93  213  711  896 3.43 
  93  213  711  981 3.29 
  93  299  649  981 1.86 
  93  299  711  981 2.86 
 155   43  587  981 1.57 
 155   43  649  811 1.71 
 155   43  649  896 2.43 
 155   43  649  981 2.14 
 155   43  711  725 1.43 
 155   43  711  811 3.00 
 155   43  711  896 3.57 
 155   43  711  981 4.00 
 155  128  649  896 2.14 
 155  128  649  981 2.43 
 155  128  711  811 3.14 
 155  128  711  896 3.57 
 155  128  711  981 3.71 
 155  213  649  981 2.00 
 155  213  711  896 3.57 
 155  213  711  981 3.00 
 155  299  711  981 2.71 
 216   43  649  981 2.00 
 216   43  711  811 3.29 
 216   43  711  896 3.57 
 216   43  711  981 3.14 
 216  128  711  896 3.43 
 216  128  711  981 3.43 
 216  213  711  981 3.14 
