  43   34  725  648 2.43 
  43   34  725  717 2.86 
  43   34  725  785 2.86 
  43   34  811  580 2.29 
  43   34  811  648 2.86 
  43   34  811  717 2.57 
  43   34  811  785 3.00 
  43   34  896  580 2.71 
  43   34  896  648 3.00 
  43   34  896  717 3.29 
  43   34  896  785 4.57 
  43   34  981  580 2.71 
  43   34  981  648 2.86 
  43   34  981  717 3.86 
  43   34  981  785 4.86 
  43  102  725  717 2.43 
  43  102  725  785 2.71 
  43  102  811  648 2.29 
  43  102  811  717 2.57 
  43  102  811  785 2.14 
  43  102  896  648 3.29 
  43  102  896  717 4.00 
  43  102  896  785 3.43 
  43  102  981  580 2.86 
  43  102  981  648 3.57 
  43  102  981  717 5.00 
  43  102  981  785 3.14 
  43  171  725  785 2.00 
  43  171  811  717 2.14 
  43  171  811  785 2.86 
  43  171  896  717 3.57 
  43  171  896  785 3.00 
  43  171  981  648 4.86 
  43  171  981  717 3.71 
  43  171  981  785 2.71 
  43  239  811  785 2.14 
  43  239  896  785 2.71 
  43  239  981  717 2.86 
  43  239  981  785 2.71 
 128   34  725  785 2.71 
 128   34  811  648 2.14 
 128   34  811  717 2.86 
 128   34  811  785 3.14 
 128   34  896  580 2.57 
 128   34  896  648 3.00 
 128   34  896  717 3.57 
 128   34  896  785 4.43 
 128   34  981  580 2.71 
 128   34  981  648 3.00 
 128   34  981  717 4.00 
 128   34  981  785 4.29 
 128  102  811  717 2.43 
 128  102  811  785 2.86 
 128  102  896  648 3.14 
 128  102  896  717 4.43 
 128  102  896  785 3.14 
 128  102  981  648 3.29 
 128  102  981  717 4.71 
 128  102  981  785 3.43 
 128  171  811  785 2.29 
 128  171  896  717 3.14 
 128  171  896  785 3.00 
 128  171  981  717 3.43 
 128  171  981  785 3.00 
 128  239  896  785 2.71 
 128  239  981  785 2.71 
 213   34  811  785 2.71 
 213   34  896  648 2.71 
 213   34  896  717 3.57 
 213   34  896  785 3.71 
 213   34  981  580 2.29 
 213   34  981  648 3.00 
 213   34  981  717 3.00 
 213   34  981  785 4.14 
 213  102  896  717 4.00 
 213  102  896  785 3.43 
 213  102  981  648 3.86 
 213  102  981  717 4.29 
 213  102  981  785 3.14 
 213  171  896  785 2.71 
 213  171  981  717 3.29 
 213  171  981  785 2.57 
 213  239  981  785 2.57 
 299   34  896  785 3.43 
 299   34  981  648 2.71 
 299   34  981  717 3.43 
 299   34  981  785 4.29 
 299  102  981  717 4.29 
 299  102  981  785 3.43 
 299  171  981  785 2.71 
