  30   43  513  811 1.14 
  30   43  513  896 1.14 
  30   43  513  981 1.14 
  30   43  573  725 2.57 
  30   43  573  811 2.57 
  30   43  573  896 2.57 
  30   43  573  981 2.57 
  30   43  634  725 2.86 
  30   43  634  811 2.86 
  30   43  634  896 3.00 
  30   43  634  981 3.00 
  30   43  694  725 3.00 
  30   43  694  811 3.00 
  30   43  694  896 3.14 
  30   43  694  981 4.14 
  30  128  513  896 1.14 
  30  128  513  981 1.14 
  30  128  573  811 2.57 
  30  128  573  896 2.57 
  30  128  573  981 2.57 
  30  128  634  811 3.14 
  30  128  634  896 3.43 
  30  128  634  981 3.14 
  30  128  694  725 3.14 
  30  128  694  811 3.43 
  30  128  694  896 4.29 
  30  128  694  981 3.71 
  30  213  513  981 1.14 
  30  213  573  896 2.57 
  30  213  573  981 2.57 
  30  213  634  896 2.86 
  30  213  634  981 2.86 
  30  213  694  811 3.57 
  30  213  694  896 3.00 
  30  213  694  981 3.00 
  30  299  573  981 1.14 
  30  299  634  981 2.43 
  30  299  694  896 2.57 
  30  299  694  981 2.57 
  91   43  513  981 -2.00 
  91   43  573  811 2.71 
  91   43  573  896 2.71 
  91   43  573  981 2.57 
  91   43  634  725 3.00 
  91   43  634  811 2.86 
  91   43  634  896 3.00 
  91   43  634  981 3.71 
  91   43  694  725 3.00 
  91   43  694  811 3.00 
  91   43  694  896 3.43 
  91   43  694  981 4.00 
  91  128  573  896 2.71 
  91  128  573  981 2.71 
  91  128  634  811 3.57 
  91  128  634  896 4.14 
  91  128  634  981 3.43 
  91  128  694  811 4.00 
  91  128  694  896 4.29 
  91  128  694  981 3.43 
  91  213  573  981 2.57 
  91  213  634  896 3.00 
  91  213  634  981 2.86 
  91  213  694  896 3.00 
  91  213  694  981 3.00 
  91  299  634  981 2.29 
  91  299  694  981 2.29 
 151   43  573  981 -2.00 
 151   43  634  811 2.86 
 151   43  634  896 3.14 
 151   43  634  981 3.86 
 151   43  694  725 3.00 
 151   43  694  811 3.00 
 151   43  694  896 3.29 
 151   43  694  981 3.57 
 151  128  634  896 4.57 
 151  128  634  981 3.57 
 151  128  694  811 3.71 
 151  128  694  896 4.14 
 151  128  694  981 3.43 
 151  213  634  981 2.86 
 151  213  694  896 3.29 
 151  213  694  981 3.00 
 151  299  694  981 2.71 
 211   43  634  981 -2.00 
 211   43  694  811 3.00 
 211   43  694  896 3.00 
 211   43  694  981 3.29 
 211  128  694  896 3.86 
 211  128  694  981 3.29 
 211  213  694  981 3.00 
