  33   42  567  792 1.43 
  33   42  567  875 1.57 
  33   42  567  958 2.29 
  33   42  633  708 1.00 
  33   42  633  792 1.43 
  33   42  633  875 1.71 
  33   42  633  958 2.43 
  33   42  700  708 1.00 
  33   42  700  792 1.43 
  33   42  700  875 1.57 
  33   42  700  958 3.00 
  33   42  767  708 1.00 
  33   42  767  792 1.57 
  33   42  767  875 1.57 
  33   42  767  958 3.00 
  33  125  567  875 1.57 
  33  125  567  958 2.14 
  33  125  633  792 1.29 
  33  125  633  875 1.71 
  33  125  633  958 2.71 
  33  125  700  792 1.57 
  33  125  700  875 1.57 
  33  125  700  958 3.00 
  33  125  767  708 1.00 
  33  125  767  792 1.57 
  33  125  767  875 1.57 
  33  125  767  958 3.29 
  33  208  567  958 2.57 
  33  208  633  875 1.57 
  33  208  633  958 2.57 
  33  208  700  875 1.57 
  33  208  700  958 3.43 
  33  208  767  792 1.57 
  33  208  767  875 1.57 
  33  208  767  958 3.43 
  33  292  633  958 2.14 
  33  292  700  958 3.71 
  33  292  767  875 1.71 
  33  292  767  958 3.71 
 100   42  567  958 2.29 
 100   42  633  792 1.43 
 100   42  633  875 1.57 
 100   42  633  958 2.43 
 100   42  700  708 1.14 
 100   42  700  792 1.57 
 100   42  700  875 1.71 
 100   42  700  958 3.00 
 100   42  767  708 1.00 
 100   42  767  792 1.57 
 100   42  767  875 1.57 
 100   42  767  958 3.14 
 100  125  633  875 1.86 
 100  125  633  958 2.86 
 100  125  700  792 1.57 
 100  125  700  875 1.71 
 100  125  700  958 3.14 
 100  125  767  792 1.57 
 100  125  767  875 1.57 
 100  125  767  958 3.29 
 100  208  633  958 2.14 
 100  208  700  875 1.57 
 100  208  700  958 3.29 
 100  208  767  875 1.57 
 100  208  767  958 3.57 
 100  292  700  958 3.43 
 100  292  767  958 3.86 
 167   42  633  958 2.71 
 167   42  700  792 1.43 
 167   42  700  875 1.57 
 167   42  700  958 3.00 
 167   42  767  708 1.00 
 167   42  767  792 1.43 
 167   42  767  875 1.57 
 167   42  767  958 3.14 
 167  125  700  875 1.86 
 167  125  700  958 3.00 
 167  125  767  792 1.57 
 167  125  767  875 1.57 
 167  125  767  958 3.14 
 167  208  700  958 3.29 
 167  208  767  875 1.57 
 167  208  767  958 3.86 
 167  292  767  958 4.14 
 233   42  700  958 3.00 
 233   42  767  792 1.57 
 233   42  767  875 1.57 
 233   42  767  958 3.14 
 233  125  767  875 1.57 
 233  125  767  958 3.14 
 233  208  767  958 4.00 
