  43   31  725  597 2.14 
  43   31  725  660 3.57 
  43   31  725  723 3.57 
  43   31  811  534 1.43 
  43   31  811  597 2.43 
  43   31  811  660 3.43 
  43   31  811  723 4.00 
  43   31  896  534 1.71 
  43   31  896  597 2.00 
  43   31  896  660 3.29 
  43   31  896  723 3.71 
  43   31  981  534 1.57 
  43   31  981  597 2.29 
  43   31  981  660 3.43 
  43   31  981  723 4.00 
  43   94  725  660 3.29 
  43   94  725  723 4.00 
  43   94  811  597 2.14 
  43   94  811  660 3.29 
  43   94  811  723 3.86 
  43   94  896  597 2.14 
  43   94  896  660 3.43 
  43   94  896  723 4.00 
  43   94  981  534 -2.00 
  43   94  981  597 2.43 
  43   94  981  660 3.57 
  43   94  981  723 4.43 
  43  157  725  723 3.86 
  43  157  811  660 3.71 
  43  157  811  723 3.86 
  43  157  896  660 3.71 
  43  157  896  723 4.00 
  43  157  981  597 -2.00 
  43  157  981  660 3.86 
  43  157  981  723 4.00 
  43  220  811  723 3.57 
  43  220  896  723 3.86 
  43  220  981  660 -2.00 
  43  220  981  723 4.29 
 128   31  725  723 3.71 
 128   31  811  597 2.29 
 128   31  811  660 3.00 
 128   31  811  723 4.00 
 128   31  896  534 1.57 
 128   31  896  597 2.29 
 128   31  896  660 3.43 
 128   31  896  723 4.43 
 128   31  981  534 1.29 
 128   31  981  597 2.14 
 128   31  981  660 3.29 
 128   31  981  723 4.43 
 128   94  811  660 3.57 
 128   94  811  723 4.00 
 128   94  896  597 1.86 
 128   94  896  660 3.43 
 128   94  896  723 4.00 
 128   94  981  597 2.43 
 128   94  981  660 3.57 
 128   94  981  723 4.00 
 128  157  811  723 3.86 
 128  157  896  660 3.71 
 128  157  896  723 4.14 
 128  157  981  660 3.86 
 128  157  981  723 4.29 
 128  220  896  723 3.71 
 128  220  981  723 4.00 
 213   31  811  723 4.14 
 213   31  896  597 2.29 
 213   31  896  660 3.43 
 213   31  896  723 3.86 
 213   31  981  534 1.43 
 213   31  981  597 2.14 
 213   31  981  660 3.43 
 213   31  981  723 3.86 
 213   94  896  660 3.71 
 213   94  896  723 3.86 
 213   94  981  597 1.86 
 213   94  981  660 3.14 
 213   94  981  723 3.71 
 213  157  896  723 3.86 
 213  157  981  660 3.71 
 213  157  981  723 3.71 
 213  220  981  723 4.14 
 299   31  896  723 3.14 
 299   31  981  597 2.00 
 299   31  981  660 3.00 
 299   31  981  723 3.14 
 299   94  981  660 2.86 
 299   94  981  723 3.43 
 299  157  981  723 3.00 
