  27   43  461  811 2.00 
  27   43  461  896 2.14 
  27   43  461  981 2.00 
  27   43  515  725 2.14 
  27   43  515  811 2.29 
  27   43  515  896 2.29 
  27   43  515  981 2.14 
  27   43  570  725 3.00 
  27   43  570  811 3.14 
  27   43  570  896 3.57 
  27   43  570  981 3.29 
  27   43  624  725 3.00 
  27   43  624  811 3.43 
  27   43  624  896 4.00 
  27   43  624  981 3.57 
  27  128  461  896 2.00 
  27  128  461  981 2.00 
  27  128  515  811 2.14 
  27  128  515  896 2.14 
  27  128  515  981 2.14 
  27  128  570  811 3.14 
  27  128  570  896 3.00 
  27  128  570  981 2.71 
  27  128  624  725 4.14 
  27  128  624  811 3.43 
  27  128  624  896 3.14 
  27  128  624  981 3.00 
  27  213  461  981 1.86 
  27  213  515  896 2.00 
  27  213  515  981 2.00 
  27  213  570  896 2.43 
  27  213  570  981 2.57 
  27  213  624  811 2.57 
  27  213  624  896 2.57 
  27  213  624  981 2.43 
  27  299  515  981 1.57 
  27  299  570  981 1.57 
  27  299  624  896 1.71 
  27  299  624  981 1.57 
  81   43  461  981 -2.00 
  81   43  515  811 2.43 
  81   43  515  896 2.57 
  81   43  515  981 2.43 
  81   43  570  725 3.00 
  81   43  570  811 3.14 
  81   43  570  896 3.43 
  81   43  570  981 3.14 
  81   43  624  725 3.14 
  81   43  624  811 3.57 
  81   43  624  896 4.00 
  81   43  624  981 3.71 
  81  128  515  896 2.14 
  81  128  515  981 2.14 
  81  128  570  811 3.00 
  81  128  570  896 3.00 
  81  128  570  981 2.86 
  81  128  624  811 3.57 
  81  128  624  896 3.29 
  81  128  624  981 3.00 
  81  213  515  981 2.00 
  81  213  570  896 2.43 
  81  213  570  981 2.43 
  81  213  624  896 2.57 
  81  213  624  981 2.57 
  81  299  570  981 1.57 
  81  299  624  981 1.57 
 136   43  515  981 -2.00 
 136   43  570  811 3.43 
 136   43  570  896 3.86 
 136   43  570  981 3.57 
 136   43  624  725 3.14 
 136   43  624  811 3.43 
 136   43  624  896 4.00 
 136   43  624  981 3.71 
 136  128  570  896 3.14 
 136  128  570  981 3.00 
 136  128  624  811 3.57 
 136  128  624  896 3.00 
 136  128  624  981 2.86 
 136  213  570  981 2.43 
 136  213  624  896 2.57 
 136  213  624  981 2.43 
 136  299  624  981 1.71 
 190   43  570  981 -2.00 
 190   43  624  811 3.86 
 190   43  624  896 4.57 
 190   43  624  981 4.00 
 190  128  624  896 3.14 
 190  128  624  981 3.00 
 190  213  624  981 2.43 
