  31   43  530  811 2.57 
  31   43  530  896 2.43 
  31   43  530  981 2.29 
  31   43  592  725 1.57 
  31   43  592  811 1.57 
  31   43  592  896 1.71 
  31   43  592  981 1.86 
  31   43  655  725 3.00 
  31   43  655  811 3.14 
  31   43  655  896 3.14 
  31   43  655  981 3.29 
  31   43  717  725 3.29 
  31   43  717  811 3.14 
  31   43  717  896 3.14 
  31   43  717  981 3.57 
  31  128  530  896 2.43 
  31  128  530  981 2.71 
  31  128  592  811 1.43 
  31  128  592  896 1.71 
  31  128  592  981 1.57 
  31  128  655  811 2.86 
  31  128  655  896 3.14 
  31  128  655  981 3.14 
  31  128  717  725 3.00 
  31  128  717  811 3.00 
  31  128  717  896 3.14 
  31  128  717  981 3.29 
  31  213  530  981 2.57 
  31  213  592  896 1.57 
  31  213  592  981 1.43 
  31  213  655  896 2.86 
  31  213  655  981 3.14 
  31  213  717  811 3.43 
  31  213  717  896 3.00 
  31  213  717  981 3.14 
  31  299  592  981 1.57 
  31  299  655  981 2.57 
  31  299  717  896 2.86 
  31  299  717  981 2.57 
  94   43  530  981 2.29 
  94   43  592  811 1.71 
  94   43  592  896 1.71 
  94   43  592  981 1.57 
  94   43  655  725 3.14 
  94   43  655  811 3.00 
  94   43  655  896 3.00 
  94   43  655  981 3.29 
  94   43  717  725 3.14 
  94   43  717  811 3.14 
  94   43  717  896 3.14 
  94   43  717  981 3.14 
  94  128  592  896 2.00 
  94  128  592  981 2.00 
  94  128  655  811 3.00 
  94  128  655  896 3.00 
  94  128  655  981 3.00 
  94  128  717  811 3.00 
  94  128  717  896 3.00 
  94  128  717  981 3.14 
  94  213  592  981 2.00 
  94  213  655  896 3.14 
  94  213  655  981 3.14 
  94  213  717  896 3.29 
  94  213  717  981 3.14 
  94  299  655  981 2.71 
  94  299  717  981 2.86 
 156   43  592  981 1.86 
 156   43  655  811 3.71 
 156   43  655  896 4.14 
 156   43  655  981 3.71 
 156   43  717  725 3.71 
 156   43  717  811 3.86 
 156   43  717  896 4.00 
 156   43  717  981 3.71 
 156  128  655  896 3.29 
 156  128  655  981 3.57 
 156  128  717  811 3.71 
 156  128  717  896 4.14 
 156  128  717  981 3.57 
 156  213  655  981 3.43 
 156  213  717  896 4.29 
 156  213  717  981 3.57 
 156  299  717  981 3.14 
 218   43  655  981 3.86 
 218   43  717  811 3.86 
 218   43  717  896 4.00 
 218   43  717  981 4.00 
 218  128  717  896 3.71 
 218  128  717  981 4.00 
 218  213  717  981 3.71 
