  43   29  725  557 2.43 
  43   29  725  615 3.57 
  43   29  725  674 3.71 
  43   29  811  498 2.00 
  43   29  811  557 2.57 
  43   29  811  615 3.86 
  43   29  811  674 4.14 
  43   29  896  498 2.00 
  43   29  896  557 2.57 
  43   29  896  615 3.86 
  43   29  896  674 4.14 
  43   29  981  498 -2.00 
  43   29  981  557 2.57 
  43   29  981  615 3.71 
  43   29  981  674 3.86 
  43   88  725  615 4.00 
  43   88  725  674 3.57 
  43   88  811  557 2.57 
  43   88  811  615 4.00 
  43   88  811  674 3.71 
  43   88  896  557 2.71 
  43   88  896  615 4.29 
  43   88  896  674 3.86 
  43   88  981  498 -2.00 
  43   88  981  557 -2.00 
  43   88  981  615 3.71 
  43   88  981  674 3.71 
  43  146  725  674 3.43 
  43  146  811  615 4.00 
  43  146  811  674 3.29 
  43  146  896  615 4.00 
  43  146  896  674 3.29 
  43  146  981  557 -2.00 
  43  146  981  615 -2.00 
  43  146  981  674 3.14 
  43  205  811  674 2.86 
  43  205  896  674 3.14 
  43  205  981  615 -2.00 
  43  205  981  674 -2.00 
 128   29  725  674 3.43 
 128   29  811  557 2.43 
 128   29  811  615 3.00 
 128   29  811  674 3.00 
 128   29  896  498 2.00 
 128   29  896  557 2.43 
 128   29  896  615 2.86 
 128   29  896  674 2.86 
 128   29  981  498 2.00 
 128   29  981  557 2.29 
 128   29  981  615 2.71 
 128   29  981  674 2.86 
 128   88  811  615 3.14 
 128   88  811  674 2.86 
 128   88  896  557 2.57 
 128   88  896  615 2.71 
 128   88  896  674 2.71 
 128   88  981  557 2.57 
 128   88  981  615 2.86 
 128   88  981  674 2.71 
 128  146  811  674 2.71 
 128  146  896  615 2.86 
 128  146  896  674 2.57 
 128  146  981  615 2.86 
 128  146  981  674 2.71 
 128  205  896  674 2.71 
 128  205  981  674 2.71 
 213   29  811  674 2.00 
 213   29  896  557 2.00 
 213   29  896  615 2.14 
 213   29  896  674 2.00 
 213   29  981  498 1.86 
 213   29  981  557 2.00 
 213   29  981  615 2.00 
 213   29  981  674 2.00 
 213   88  896  615 2.00 
 213   88  896  674 2.00 
 213   88  981  557 2.00 
 213   88  981  615 2.00 
 213   88  981  674 2.00 
 213  146  896  674 2.00 
 213  146  981  615 2.00 
 213  146  981  674 2.00 
 213  205  981  674 2.00 
 299   29  896  674 1.71 
 299   29  981  557 1.57 
 299   29  981  615 1.57 
 299   29  981  674 1.57 
 299   88  981  615 1.57 
 299   88  981  674 1.71 
 299  146  981  674 1.57 
