  34   43  582  811 1.71 
  34   43  582  896 1.71 
  34   43  582  981 1.57 
  34   43  650  725 2.86 
  34   43  650  811 2.57 
  34   43  650  896 2.57 
  34   43  650  981 2.57 
  34   43  718  725 2.86 
  34   43  718  811 2.86 
  34   43  718  896 2.86 
  34   43  718  981 2.86 
  34   43  787  725 3.00 
  34   43  787  811 3.00 
  34   43  787  896 3.14 
  34   43  787  981 3.14 
  34  128  582  896 1.14 
  34  128  582  981 1.43 
  34  128  650  811 1.43 
  34  128  650  896 1.43 
  34  128  650  981 1.43 
  34  128  718  811 1.43 
  34  128  718  896 1.43 
  34  128  718  981 1.71 
  34  128  787  725 1.43 
  34  128  787  811 1.43 
  34  128  787  896 1.43 
  34  128  787  981 1.43 
  34  213  582  981 1.00 
  34  213  650  896 1.43 
  34  213  650  981 1.43 
  34  213  718  896 1.43 
  34  213  718  981 1.57 
  34  213  787  811 1.43 
  34  213  787  896 1.43 
  34  213  787  981 1.43 
  34  299  650  981 1.00 
  34  299  718  981 1.00 
  34  299  787  896 1.00 
  34  299  787  981 1.00 
 103   43  582  981 1.57 
 103   43  650  811 2.86 
 103   43  650  896 2.71 
 103   43  650  981 2.57 
 103   43  718  725 3.14 
 103   43  718  811 2.86 
 103   43  718  896 2.86 
 103   43  718  981 3.00 
 103   43  787  725 3.14 
 103   43  787  811 3.14 
 103   43  787  896 3.14 
 103   43  787  981 3.00 
 103  128  650  896 1.43 
 103  128  650  981 1.43 
 103  128  718  811 1.43 
 103  128  718  896 1.57 
 103  128  718  981 1.43 
 103  128  787  811 1.43 
 103  128  787  896 1.43 
 103  128  787  981 1.43 
 103  213  650  981 1.57 
 103  213  718  896 1.43 
 103  213  718  981 1.43 
 103  213  787  896 1.43 
 103  213  787  981 1.43 
 103  299  718  981 1.00 
 103  299  787  981 1.00 
 171   43  650  981 2.71 
 171   43  718  811 3.14 
 171   43  718  896 3.00 
 171   43  718  981 3.14 
 171   43  787  725 3.14 
 171   43  787  811 3.14 
 171   43  787  896 3.00 
 171   43  787  981 3.00 
 171  128  718  896 1.29 
 171  128  718  981 1.29 
 171  128  787  811 1.43 
 171  128  787  896 1.57 
 171  128  787  981 1.43 
 171  213  718  981 1.57 
 171  213  787  896 1.43 
 171  213  787  981 1.43 
 171  299  787  981 1.00 
 239   43  718  981 3.14 
 239   43  787  811 3.14 
 239   43  787  896 3.14 
 239   43  787  981 3.14 
 239  128  787  896 1.29 
 239  128  787  981 1.29 
 239  213  787  981 1.43 
