  43   30  725  568 3.29 
  43   30  725  627 2.86 
  43   30  725  687 3.14 
  43   30  811  508 4.14 
  43   30  811  568 3.43 
  43   30  811  627 3.14 
  43   30  811  687 3.14 
  43   30  896  508 3.57 
  43   30  896  568 3.29 
  43   30  896  627 3.00 
  43   30  896  687 3.14 
  43   30  981  508 3.14 
  43   30  981  568 3.00 
  43   30  981  627 3.00 
  43   30  981  687 3.29 
  43   90  725  627 3.14 
  43   90  725  687 3.00 
  43   90  811  568 3.00 
  43   90  811  627 3.29 
  43   90  811  687 3.14 
  43   90  896  568 3.00 
  43   90  896  627 3.29 
  43   90  896  687 3.00 
  43   90  981  508 -2.00 
  43   90  981  568 3.00 
  43   90  981  627 3.29 
  43   90  981  687 3.00 
  43  149  725  687 3.43 
  43  149  811  627 3.00 
  43  149  811  687 3.57 
  43  149  896  627 3.00 
  43  149  896  687 3.57 
  43  149  981  568 -2.00 
  43  149  981  627 3.00 
  43  149  981  687 3.29 
  43  209  811  687 4.14 
  43  209  896  687 3.57 
  43  209  981  627 -2.00 
  43  209  981  687 3.29 
 128   30  725  687 3.29 
 128   30  811  568 3.29 
 128   30  811  627 3.00 
 128   30  811  687 3.29 
 128   30  896  508 3.43 
 128   30  896  568 3.14 
 128   30  896  627 3.00 
 128   30  896  687 3.14 
 128   30  981  508 3.29 
 128   30  981  568 3.00 
 128   30  981  627 3.00 
 128   30  981  687 3.14 
 128   90  811  627 3.14 
 128   90  811  687 3.00 
 128   90  896  568 3.00 
 128   90  896  627 3.14 
 128   90  896  687 3.00 
 128   90  981  568 3.00 
 128   90  981  627 3.14 
 128   90  981  687 3.00 
 128  149  811  687 3.29 
 128  149  896  627 3.00 
 128  149  896  687 3.43 
 128  149  981  627 3.00 
 128  149  981  687 3.14 
 128  209  896  687 3.57 
 128  209  981  687 3.43 
 213   30  811  687 3.14 
 213   30  896  568 3.14 
 213   30  896  627 3.00 
 213   30  896  687 3.14 
 213   30  981  508 3.43 
 213   30  981  568 3.14 
 213   30  981  627 3.00 
 213   30  981  687 3.00 
 213   90  896  627 3.00 
 213   90  896  687 3.00 
 213   90  981  568 3.00 
 213   90  981  627 3.14 
 213   90  981  687 3.00 
 213  149  896  687 3.14 
 213  149  981  627 3.00 
 213  149  981  687 3.14 
 213  209  981  687 3.43 
 299   30  896  687 3.00 
 299   30  981  568 3.14 
 299   30  981  627 2.86 
 299   30  981  687 2.86 
 299   90  981  627 3.00 
 299   90  981  687 2.86 
 299  149  981  687 3.14 
