  28   43  468  811 3.71 
  28   43  468  896 4.29 
  28   43  468  981 3.14 
  28   43  523  725 3.00 
  28   43  523  811 3.71 
  28   43  523  896 4.43 
  28   43  523  981 3.14 
  28   43  578  725 3.00 
  28   43  578  811 3.57 
  28   43  578  896 4.29 
  28   43  578  981 3.00 
  28   43  633  725 3.00 
  28   43  633  811 3.57 
  28   43  633  896 3.43 
  28   43  633  981 3.00 
  28  128  468  896 3.14 
  28  128  468  981 2.86 
  28  128  523  811 3.14 
  28  128  523  896 3.14 
  28  128  523  981 2.86 
  28  128  578  811 3.14 
  28  128  578  896 3.29 
  28  128  578  981 2.86 
  28  128  633  725 3.00 
  28  128  633  811 3.00 
  28  128  633  896 3.29 
  28  128  633  981 2.86 
  28  213  468  981 3.00 
  28  213  523  896 3.00 
  28  213  523  981 3.00 
  28  213  578  896 3.00 
  28  213  578  981 3.00 
  28  213  633  811 3.00 
  28  213  633  896 3.00 
  28  213  633  981 3.00 
  28  299  523  981 3.14 
  28  299  578  981 3.00 
  28  299  633  896 3.00 
  28  299  633  981 3.00 
  83   43  468  981 -2.00 
  83   43  523  811 3.43 
  83   43  523  896 3.86 
  83   43  523  981 3.00 
  83   43  578  725 3.00 
  83   43  578  811 3.43 
  83   43  578  896 3.57 
  83   43  578  981 3.00 
  83   43  633  725 2.86 
  83   43  633  811 3.14 
  83   43  633  896 3.57 
  83   43  633  981 3.00 
  83  128  523  896 2.86 
  83  128  523  981 2.86 
  83  128  578  811 3.00 
  83  128  578  896 3.14 
  83  128  578  981 2.86 
  83  128  633  811 3.14 
  83  128  633  896 3.00 
  83  128  633  981 2.86 
  83  213  523  981 3.00 
  83  213  578  896 3.00 
  83  213  578  981 3.00 
  83  213  633  896 3.00 
  83  213  633  981 3.00 
  83  299  578  981 3.00 
  83  299  633  981 3.00 
 138   43  523  981 -2.00 
 138   43  578  811 2.29 
 138   43  578  896 2.43 
 138   43  578  981 2.29 
 138   43  633  725 2.29 
 138   43  633  811 2.43 
 138   43  633  896 2.43 
 138   43  633  981 2.29 
 138  128  578  896 2.29 
 138  128  578  981 2.29 
 138  128  633  811 2.43 
 138  128  633  896 2.57 
 138  128  633  981 2.29 
 138  213  578  981 2.29 
 138  213  633  896 2.29 
 138  213  633  981 2.43 
 138  299  633  981 2.29 
 193   43  578  981 -2.00 
 193   43  633  811 1.14 
 193   43  633  896 1.14 
 193   43  633  981 1.14 
 193  128  633  896 1.14 
 193  128  633  981 1.14 
 193  213  633  981 1.14 
