  28   43  470  811 2.86 
  28   43  470  896 3.29 
  28   43  470  981 3.00 
  28   43  525  725 2.86 
  28   43  525  811 3.00 
  28   43  525  896 3.86 
  28   43  525  981 3.14 
  28   43  580  725 2.86 
  28   43  580  811 3.00 
  28   43  580  896 4.00 
  28   43  580  981 3.29 
  28   43  635  725 2.86 
  28   43  635  811 3.00 
  28   43  635  896 3.71 
  28   43  635  981 3.29 
  28  128  470  896 3.29 
  28  128  470  981 2.86 
  28  128  525  811 3.14 
  28  128  525  896 3.86 
  28  128  525  981 3.00 
  28  128  580  811 3.14 
  28  128  580  896 4.00 
  28  128  580  981 3.14 
  28  128  635  725 2.86 
  28  128  635  811 3.29 
  28  128  635  896 4.14 
  28  128  635  981 3.00 
  28  213  470  981 2.86 
  28  213  525  896 3.14 
  28  213  525  981 2.86 
  28  213  580  896 3.14 
  28  213  580  981 3.00 
  28  213  635  811 3.71 
  28  213  635  896 3.29 
  28  213  635  981 3.00 
  28  299  525  981 3.00 
  28  299  580  981 3.00 
  28  299  635  896 3.00 
  28  299  635  981 3.00 
  83   43  470  981 -2.00 
  83   43  525  811 3.00 
  83   43  525  896 4.14 
  83   43  525  981 3.29 
  83   43  580  725 2.86 
  83   43  580  811 3.00 
  83   43  580  896 3.86 
  83   43  580  981 3.29 
  83   43  635  725 2.86 
  83   43  635  811 3.00 
  83   43  635  896 3.86 
  83   43  635  981 3.29 
  83  128  525  896 4.14 
  83  128  525  981 3.14 
  83  128  580  811 3.29 
  83  128  580  896 4.29 
  83  128  580  981 3.00 
  83  128  635  811 3.14 
  83  128  635  896 3.71 
  83  128  635  981 3.14 
  83  213  525  981 3.00 
  83  213  580  896 3.43 
  83  213  580  981 3.00 
  83  213  635  896 3.29 
  83  213  635  981 3.00 
  83  299  580  981 3.00 
  83  299  635  981 3.00 
 138   43  525  981 -2.00 
 138   43  580  811 3.00 
 138   43  580  896 3.71 
 138   43  580  981 3.29 
 138   43  635  725 2.86 
 138   43  635  811 3.00 
 138   43  635  896 3.43 
 138   43  635  981 3.00 
 138  128  580  896 3.86 
 138  128  580  981 3.00 
 138  128  635  811 3.14 
 138  128  635  896 3.43 
 138  128  635  981 3.00 
 138  213  580  981 3.00 
 138  213  635  896 3.14 
 138  213  635  981 3.00 
 138  299  635  981 3.00 
 193   43  580  981 -2.00 
 193   43  635  811 3.00 
 193   43  635  896 3.57 
 193   43  635  981 3.14 
 193  128  635  896 3.57 
 193  128  635  981 3.00 
 193  213  635  981 3.00 
