  29   43  501  811 2.86 
  29   43  501  896 3.14 
  29   43  501  981 2.86 
  29   43  560  725 2.86 
  29   43  560  811 3.00 
  29   43  560  896 4.00 
  29   43  560  981 3.29 
  29   43  619  725 2.86 
  29   43  619  811 3.14 
  29   43  619  896 4.00 
  29   43  619  981 3.14 
  29   43  678  725 2.86 
  29   43  678  811 3.14 
  29   43  678  896 4.86 
  29   43  678  981 3.57 
  29  128  501  896 3.00 
  29  128  501  981 2.86 
  29  128  560  811 3.14 
  29  128  560  896 3.43 
  29  128  560  981 3.00 
  29  128  619  811 3.57 
  29  128  619  896 3.86 
  29  128  619  981 3.14 
  29  128  678  725 2.86 
  29  128  678  811 3.86 
  29  128  678  896 4.29 
  29  128  678  981 3.29 
  29  213  501  981 2.86 
  29  213  560  896 3.14 
  29  213  560  981 3.00 
  29  213  619  896 3.29 
  29  213  619  981 3.00 
  29  213  678  811 4.86 
  29  213  678  896 3.43 
  29  213  678  981 3.00 
  29  299  560  981 3.00 
  29  299  619  981 3.00 
  29  299  678  896 3.00 
  29  299  678  981 3.00 
  88   43  501  981 -2.00 
  88   43  560  811 3.00 
  88   43  560  896 4.14 
  88   43  560  981 3.14 
  88   43  619  725 2.86 
  88   43  619  811 3.14 
  88   43  619  896 4.43 
  88   43  619  981 3.43 
  88   43  678  725 2.86 
  88   43  678  811 3.14 
  88   43  678  896 4.71 
  88   43  678  981 3.43 
  88  128  560  896 3.43 
  88  128  560  981 3.00 
  88  128  619  811 3.29 
  88  128  619  896 4.00 
  88  128  619  981 3.14 
  88  128  678  811 3.57 
  88  128  678  896 3.86 
  88  128  678  981 3.14 
  88  213  560  981 3.00 
  88  213  619  896 3.29 
  88  213  619  981 3.00 
  88  213  678  896 3.43 
  88  213  678  981 3.00 
  88  299  619  981 3.00 
  88  299  678  981 3.00 
 147   43  560  981 -2.00 
 147   43  619  811 3.14 
 147   43  619  896 4.86 
 147   43  619  981 3.57 
 147   43  678  725 2.86 
 147   43  678  811 3.00 
 147   43  678  896 3.57 
 147   43  678  981 3.43 
 147  128  619  896 4.14 
 147  128  619  981 3.14 
 147  128  678  811 3.29 
 147  128  678  896 3.43 
 147  128  678  981 3.00 
 147  213  619  981 3.00 
 147  213  678  896 3.29 
 147  213  678  981 3.00 
 147  299  678  981 3.00 
 206   43  619  981 -2.00 
 206   43  678  811 2.71 
 206   43  678  896 3.00 
 206   43  678  981 2.57 
 206  128  678  896 2.86 
 206  128  678  981 2.57 
 206  213  678  981 2.71 
