  33   43  557  811 3.00 
  33   43  557  896 2.71 
  33   43  557  981 2.57 
  33   43  622  725 3.14 
  33   43  622  811 4.00 
  33   43  622  896 3.86 
  33   43  622  981 3.57 
  33   43  688  725 3.00 
  33   43  688  811 3.86 
  33   43  688  896 3.29 
  33   43  688  981 3.29 
  33   43  753  725 3.00 
  33   43  753  811 3.43 
  33   43  753  896 3.00 
  33   43  753  981 3.00 
  33  128  557  896 2.86 
  33  128  557  981 2.71 
  33  128  622  811 3.71 
  33  128  622  896 3.43 
  33  128  622  981 3.86 
  33  128  688  811 3.43 
  33  128  688  896 3.14 
  33  128  688  981 3.14 
  33  128  753  725 3.43 
  33  128  753  811 3.14 
  33  128  753  896 3.00 
  33  128  753  981 3.14 
  33  213  557  981 2.86 
  33  213  622  896 3.57 
  33  213  622  981 3.71 
  33  213  688  896 3.14 
  33  213  688  981 3.14 
  33  213  753  811 3.00 
  33  213  753  896 3.00 
  33  213  753  981 3.00 
  33  299  622  981 3.71 
  33  299  688  981 3.43 
  33  299  753  896 3.00 
  33  299  753  981 3.29 
  98   43  557  981 2.71 
  98   43  622  811 3.86 
  98   43  622  896 3.43 
  98   43  622  981 3.43 
  98   43  688  725 3.00 
  98   43  688  811 3.43 
  98   43  688  896 3.14 
  98   43  688  981 3.29 
  98   43  753  725 3.00 
  98   43  753  811 3.43 
  98   43  753  896 3.00 
  98   43  753  981 3.00 
  98  128  622  896 3.43 
  98  128  622  981 3.71 
  98  128  688  811 3.14 
  98  128  688  896 3.14 
  98  128  688  981 3.00 
  98  128  753  811 3.00 
  98  128  753  896 3.00 
  98  128  753  981 3.00 
  98  213  622  981 3.43 
  98  213  688  896 3.00 
  98  213  688  981 3.00 
  98  213  753  896 3.00 
  98  213  753  981 3.00 
  98  299  688  981 3.29 
  98  299  753  981 3.14 
 164   43  622  981 3.29 
 164   43  688  811 3.43 
 164   43  688  896 3.00 
 164   43  688  981 3.14 
 164   43  753  725 3.00 
 164   43  753  811 3.43 
 164   43  753  896 3.00 
 164   43  753  981 3.00 
 164  128  688  896 3.00 
 164  128  688  981 3.00 
 164  128  753  811 3.00 
 164  128  753  896 3.00 
 164  128  753  981 3.00 
 164  213  688  981 3.00 
 164  213  753  896 3.00 
 164  213  753  981 3.00 
 164  299  753  981 3.00 
 229   43  688  981 3.00 
 229   43  753  811 3.29 
 229   43  753  896 3.14 
 229   43  753  981 3.00 
 229  128  753  896 3.00 
 229  128  753  981 3.00 
 229  213  753  981 3.00 
