  26   43  438  811 2.71 
  26   43  438  896 3.14 
  26   43  438  981 -2.00 
  26   43  490  725 1.43 
  26   43  490  811 2.71 
  26   43  490  896 3.43 
  26   43  490  981 3.86 
  26   43  542  725 1.57 
  26   43  542  811 3.14 
  26   43  542  896 4.00 
  26   43  542  981 4.71 
  26   43  593  725 1.57 
  26   43  593  811 3.57 
  26   43  593  896 4.14 
  26   43  593  981 4.57 
  26  128  438  896 3.14 
  26  128  438  981 3.14 
  26  128  490  811 3.00 
  26  128  490  896 3.57 
  26  128  490  981 3.29 
  26  128  542  811 3.43 
  26  128  542  896 4.57 
  26  128  542  981 4.00 
  26  128  593  725 1.57 
  26  128  593  811 3.57 
  26  128  593  896 4.57 
  26  128  593  981 3.86 
  26  213  438  981 2.43 
  26  213  490  896 2.86 
  26  213  490  981 2.86 
  26  213  542  896 3.43 
  26  213  542  981 3.29 
  26  213  593  811 4.14 
  26  213  593  896 3.57 
  26  213  593  981 3.57 
  26  299  490  981 1.43 
  26  299  542  981 1.43 
  26  299  593  896 1.57 
  26  299  593  981 1.43 
  77   43  438  981 -2.00 
  77   43  490  811 3.00 
  77   43  490  896 3.71 
  77   43  490  981 -2.00 
  77   43  542  725 1.57 
  77   43  542  811 3.14 
  77   43  542  896 4.14 
  77   43  542  981 4.86 
  77   43  593  725 1.57 
  77   43  593  811 3.14 
  77   43  593  896 3.43 
  77   43  593  981 3.86 
  77  128  490  896 3.57 
  77  128  490  981 3.57 
  77  128  542  811 3.29 
  77  128  542  896 4.57 
  77  128  542  981 4.14 
  77  128  593  811 3.29 
  77  128  593  896 3.86 
  77  128  593  981 4.14 
  77  213  490  981 3.00 
  77  213  542  896 3.43 
  77  213  542  981 3.00 
  77  213  593  896 3.29 
  77  213  593  981 3.29 
  77  299  542  981 1.57 
  77  299  593  981 1.43 
 129   43  490  981 -2.00 
 129   43  542  811 3.00 
 129   43  542  896 2.86 
 129   43  542  981 -2.00 
 129   43  593  725 1.43 
 129   43  593  811 2.71 
 129   43  593  896 2.86 
 129   43  593  981 2.86 
 129  128  542  896 3.57 
 129  128  542  981 2.71 
 129  128  593  811 2.86 
 129  128  593  896 3.00 
 129  128  593  981 3.00 
 129  213  542  981 3.00 
 129  213  593  896 2.86 
 129  213  593  981 2.71 
 129  299  593  981 1.43 
 181   43  542  981 -2.00 
 181   43  593  811 1.29 
 181   43  593  896 1.14 
 181   43  593  981 -2.00 
 181  128  593  896 1.29 
 181  128  593  981 1.29 
 181  213  593  981 1.29 
