  28   43  470  811 2.71 
  28   43  470  896 2.71 
  28   43  470  981 2.71 
  28   43  526  725 1.29 
  28   43  526  811 1.29 
  28   43  526  896 1.29 
  28   43  526  981 1.29 
  28   43  581  725 2.71 
  28   43  581  811 3.00 
  28   43  581  896 2.71 
  28   43  581  981 2.71 
  28   43  636  725 3.14 
  28   43  636  811 3.86 
  28   43  636  896 3.14 
  28   43  636  981 3.00 
  28  128  470  896 2.71 
  28  128  470  981 2.71 
  28  128  526  811 1.29 
  28  128  526  896 1.29 
  28  128  526  981 1.29 
  28  128  581  811 2.71 
  28  128  581  896 2.71 
  28  128  581  981 2.71 
  28  128  636  725 3.14 
  28  128  636  811 3.14 
  28  128  636  896 3.00 
  28  128  636  981 3.14 
  28  213  470  981 2.71 
  28  213  526  896 1.29 
  28  213  526  981 1.29 
  28  213  581  896 2.71 
  28  213  581  981 2.71 
  28  213  636  811 3.14 
  28  213  636  896 3.00 
  28  213  636  981 3.00 
  28  299  526  981 1.29 
  28  299  581  981 2.71 
  28  299  636  896 3.14 
  28  299  636  981 3.14 
  83   43  470  981 -2.00 
  83   43  526  811 1.29 
  83   43  526  896 1.29 
  83   43  526  981 1.29 
  83   43  581  725 2.71 
  83   43  581  811 3.00 
  83   43  581  896 2.71 
  83   43  581  981 2.71 
  83   43  636  725 3.00 
  83   43  636  811 4.00 
  83   43  636  896 3.29 
  83   43  636  981 3.00 
  83  128  526  896 1.29 
  83  128  526  981 1.29 
  83  128  581  811 2.71 
  83  128  581  896 2.71 
  83  128  581  981 2.71 
  83  128  636  811 3.14 
  83  128  636  896 3.00 
  83  128  636  981 3.14 
  83  213  526  981 1.29 
  83  213  581  896 2.71 
  83  213  581  981 2.71 
  83  213  636  896 3.14 
  83  213  636  981 3.00 
  83  299  581  981 2.71 
  83  299  636  981 3.00 
 138   43  526  981 -2.00 
 138   43  581  811 3.00 
 138   43  581  896 2.86 
 138   43  581  981 2.86 
 138   43  636  725 3.00 
 138   43  636  811 4.00 
 138   43  636  896 3.14 
 138   43  636  981 3.00 
 138  128  581  896 2.86 
 138  128  581  981 2.86 
 138  128  636  811 3.43 
 138  128  636  896 3.00 
 138  128  636  981 3.14 
 138  213  581  981 2.86 
 138  213  636  896 3.14 
 138  213  636  981 3.00 
 138  299  636  981 3.14 
 194   43  581  981 -2.00 
 194   43  636  811 4.14 
 194   43  636  896 3.14 
 194   43  636  981 3.00 
 194  128  636  896 3.00 
 194  128  636  981 3.14 
 194  213  636  981 3.00 
