  24   43  409  811 2.29 
  24   43  409  896 -2.00 
  24   43  409  981 -2.00 
  24   43  458  725 3.71 
  24   43  458  811 3.86 
  24   43  458  896 2.57 
  24   43  458  981 2.71 
  24   43  506  725 4.14 
  24   43  506  811 3.86 
  24   43  506  896 3.14 
  24   43  506  981 3.00 
  24   43  554  725 4.29 
  24   43  554  811 4.43 
  24   43  554  896 3.00 
  24   43  554  981 3.14 
  24  128  409  896 1.71 
  24  128  409  981 -2.00 
  24  128  458  811 3.29 
  24  128  458  896 3.00 
  24  128  458  981 2.57 
  24  128  506  811 3.71 
  24  128  506  896 3.00 
  24  128  506  981 3.00 
  24  128  554  725 4.43 
  24  128  554  811 3.86 
  24  128  554  896 3.14 
  24  128  554  981 3.14 
  24  213  409  981 1.71 
  24  213  458  896 2.29 
  24  213  458  981 2.43 
  24  213  506  896 2.43 
  24  213  506  981 2.43 
  24  213  554  811 3.14 
  24  213  554  896 2.71 
  24  213  554  981 2.71 
  24  299  458  981 1.43 
  24  299  506  981 1.29 
  24  299  554  896 1.43 
  24  299  554  981 1.57 
  72   43  409  981 -2.00 
  72   43  458  811 4.00 
  72   43  458  896 -2.00 
  72   43  458  981 -2.00 
  72   43  506  725 4.14 
  72   43  506  811 4.29 
  72   43  506  896 3.00 
  72   43  506  981 2.86 
  72   43  554  725 4.57 
  72   43  554  811 4.43 
  72   43  554  896 3.14 
  72   43  554  981 3.14 
  72  128  458  896 2.57 
  72  128  458  981 -2.00 
  72  128  506  811 3.86 
  72  128  506  896 3.29 
  72  128  506  981 2.86 
  72  128  554  811 4.14 
  72  128  554  896 3.14 
  72  128  554  981 3.00 
  72  213  458  981 2.43 
  72  213  506  896 2.57 
  72  213  506  981 2.57 
  72  213  554  896 2.86 
  72  213  554  981 2.43 
  72  299  506  981 1.43 
  72  299  554  981 1.57 
 120   43  458  981 -2.00 
 120   43  506  811 4.57 
 120   43  506  896 -2.00 
 120   43  506  981 -2.00 
 120   43  554  725 4.29 
 120   43  554  811 4.14 
 120   43  554  896 3.14 
 120   43  554  981 3.00 
 120  128  506  896 3.14 
 120  128  506  981 -2.00 
 120  128  554  811 3.71 
 120  128  554  896 2.86 
 120  128  554  981 2.86 
 120  213  506  981 2.71 
 120  213  554  896 2.57 
 120  213  554  981 2.57 
 120  299  554  981 1.29 
 169   43  506  981 -2.00 
 169   43  554  811 4.29 
 169   43  554  896 -2.00 
 169   43  554  981 -2.00 
 169  128  554  896 2.86 
 169  128  554  981 -2.00 
 169  213  554  981 2.71 
