  32   43  538  811 1.86 
  32   43  538  896 1.86 
  32   43  538  981 1.86 
  32   43  602  725 2.57 
  32   43  602  811 2.86 
  32   43  602  896 2.71 
  32   43  602  981 2.86 
  32   43  665  725 3.71 
  32   43  665  811 3.71 
  32   43  665  896 4.29 
  32   43  665  981 4.00 
  32   43  728  725 4.00 
  32   43  728  811 3.43 
  32   43  728  896 3.57 
  32   43  728  981 3.86 
  32  128  538  896 1.86 
  32  128  538  981 1.86 
  32  128  602  811 2.71 
  32  128  602  896 2.86 
  32  128  602  981 2.57 
  32  128  665  811 3.71 
  32  128  665  896 3.86 
  32  128  665  981 3.86 
  32  128  728  725 3.29 
  32  128  728  811 3.57 
  32  128  728  896 3.71 
  32  128  728  981 4.00 
  32  213  538  981 1.86 
  32  213  602  896 2.57 
  32  213  602  981 2.43 
  32  213  665  896 3.57 
  32  213  665  981 3.00 
  32  213  728  811 3.71 
  32  213  728  896 3.57 
  32  213  728  981 3.29 
  32  299  602  981 2.14 
  32  299  665  981 2.43 
  32  299  728  896 2.14 
  32  299  728  981 2.00 
  95   43  538  981 1.86 
  95   43  602  811 2.86 
  95   43  602  896 2.86 
  95   43  602  981 2.71 
  95   43  665  725 3.43 
  95   43  665  811 3.43 
  95   43  665  896 4.00 
  95   43  665  981 4.14 
  95   43  728  725 3.14 
  95   43  728  811 3.71 
  95   43  728  896 4.14 
  95   43  728  981 4.14 
  95  128  602  896 3.29 
  95  128  602  981 2.86 
  95  128  665  811 3.86 
  95  128  665  896 3.71 
  95  128  665  981 4.00 
  95  128  728  811 3.43 
  95  128  728  896 4.00 
  95  128  728  981 4.43 
  95  213  602  981 2.43 
  95  213  665  896 3.43 
  95  213  665  981 3.29 
  95  213  728  896 3.57 
  95  213  728  981 3.00 
  95  299  665  981 2.29 
  95  299  728  981 2.00 
 158   43  602  981 2.71 
 158   43  665  811 3.86 
 158   43  665  896 3.86 
 158   43  665  981 3.43 
 158   43  728  725 3.57 
 158   43  728  811 3.86 
 158   43  728  896 3.71 
 158   43  728  981 4.00 
 158  128  665  896 3.71 
 158  128  665  981 4.29 
 158  128  728  811 4.00 
 158  128  728  896 3.86 
 158  128  728  981 4.14 
 158  213  665  981 3.29 
 158  213  728  896 3.86 
 158  213  728  981 3.14 
 158  299  728  981 2.14 
 222   43  665  981 3.57 
 222   43  728  811 4.00 
 222   43  728  896 3.43 
 222   43  728  981 4.00 
 222  128  728  896 3.43 
 222  128  728  981 3.71 
 222  213  728  981 3.29 
