  32   43  539  811 2.86 
  32   43  539  896 4.29 
  32   43  539  981 4.71 
  32   43  602  725 1.57 
  32   43  602  811 3.00 
  32   43  602  896 4.29 
  32   43  602  981 4.57 
  32   43  666  725 1.57 
  32   43  666  811 2.86 
  32   43  666  896 4.00 
  32   43  666  981 4.71 
  32   43  729  725 1.71 
  32   43  729  811 2.57 
  32   43  729  896 4.29 
  32   43  729  981 4.14 
  32  128  539  896 4.00 
  32  128  539  981 4.43 
  32  128  602  811 2.43 
  32  128  602  896 4.14 
  32  128  602  981 4.43 
  32  128  666  811 3.00 
  32  128  666  896 4.29 
  32  128  666  981 4.29 
  32  128  729  725 1.71 
  32  128  729  811 3.14 
  32  128  729  896 4.14 
  32  128  729  981 4.14 
  32  213  539  981 3.86 
  32  213  602  896 4.14 
  32  213  602  981 3.29 
  32  213  666  896 4.00 
  32  213  666  981 3.57 
  32  213  729  811 3.57 
  32  213  729  896 3.86 
  32  213  729  981 3.57 
  32  299  602  981 3.29 
  32  299  666  981 3.14 
  32  299  729  896 3.57 
  32  299  729  981 3.43 
  95   43  539  981 3.71 
  95   43  602  811 2.43 
  95   43  602  896 3.57 
  95   43  602  981 3.57 
  95   43  666  725 1.71 
  95   43  666  811 2.57 
  95   43  666  896 3.29 
  95   43  666  981 3.71 
  95   43  729  725 1.57 
  95   43  729  811 2.14 
  95   43  729  896 2.86 
  95   43  729  981 3.00 
  95  128  602  896 3.43 
  95  128  602  981 3.43 
  95  128  666  811 2.43 
  95  128  666  896 3.14 
  95  128  666  981 3.00 
  95  128  729  811 2.86 
  95  128  729  896 3.00 
  95  128  729  981 2.86 
  95  213  602  981 3.29 
  95  213  666  896 3.00 
  95  213  666  981 3.14 
  95  213  729  896 3.14 
  95  213  729  981 2.86 
  95  299  666  981 3.00 
  95  299  729  981 3.00 
 159   43  602  981 1.71 
 159   43  666  811 1.29 
 159   43  666  896 1.43 
 159   43  666  981 1.43 
 159   43  729  725 1.29 
 159   43  729  811 1.29 
 159   43  729  896 1.43 
 159   43  729  981 1.43 
 159  128  666  896 1.43 
 159  128  666  981 1.57 
 159  128  729  811 1.43 
 159  128  729  896 1.43 
 159  128  729  981 1.57 
 159  213  666  981 1.57 
 159  213  729  896 1.43 
 159  213  729  981 1.43 
 159  299  729  981 1.43 
 222   43  666  981 1.14 
 222   43  729  811 1.14 
 222   43  729  896 1.00 
 222   43  729  981 1.14 
 222  128  729  896 1.14 
 222  128  729  981 1.00 
 222  213  729  981 1.14 
