  18   27  303  507 2.71 
  18   27  303  560 2.71 
  18   27  303  613 2.71 
  18   27  339  453 3.14 
  18   27  339  507 2.86 
  18   27  339  560 2.86 
  18   27  339  613 2.86 
  18   27  375  453 3.14 
  18   27  375  507 3.00 
  18   27  375  560 3.00 
  18   27  375  613 3.14 
  18   27  410  453 3.29 
  18   27  410  507 3.00 
  18   27  410  560 3.00 
  18   27  410  613 3.14 
  18   80  303  560 2.71 
  18   80  303  613 2.86 
  18   80  339  507 2.86 
  18   80  339  560 2.86 
  18   80  339  613 3.00 
  18   80  375  507 3.00 
  18   80  375  560 3.00 
  18   80  375  613 3.57 
  18   80  410  453 3.14 
  18   80  410  507 3.00 
  18   80  410  560 3.14 
  18   80  410  613 3.57 
  18  133  303  613 3.14 
  18  133  339  560 3.29 
  18  133  339  613 3.43 
  18  133  375  560 3.57 
  18  133  375  613 3.71 
  18  133  410  507 3.43 
  18  133  410  560 3.71 
  18  133  410  613 4.14 
  18  187  339  613 3.00 
  18  187  375  613 3.14 
  18  187  410  560 3.29 
  18  187  410  613 3.14 
  54   27  303  613 -2.00 
  54   27  339  507 3.00 
  54   27  339  560 3.00 
  54   27  339  613 3.00 
  54   27  375  453 3.29 
  54   27  375  507 3.00 
  54   27  375  560 3.00 
  54   27  375  613 3.00 
  54   27  410  453 3.71 
  54   27  410  507 3.00 
  54   27  410  560 3.00 
  54   27  410  613 3.00 
  54   80  339  560 3.29 
  54   80  339  613 3.29 
  54   80  375  507 3.00 
  54   80  375  560 3.43 
  54   80  375  613 3.57 
  54   80  410  507 3.00 
  54   80  410  560 3.43 
  54   80  410  613 3.71 
  54  133  339  613 4.00 
  54  133  375  560 3.57 
  54  133  375  613 4.00 
  54  133  410  560 3.71 
  54  133  410  613 4.14 
  54  187  375  613 3.14 
  54  187  410  613 3.14 
  89   27  339  613 -2.00 
  89   27  375  507 3.00 
  89   27  375  560 3.00 
  89   27  375  613 3.00 
  89   27  410  453 3.57 
  89   27  410  507 3.00 
  89   27  410  560 3.00 
  89   27  410  613 3.00 
  89   80  375  560 3.14 
  89   80  375  613 3.57 
  89   80  410  507 3.00 
  89   80  410  560 3.14 
  89   80  410  613 3.43 
  89  133  375  613 3.86 
  89  133  410  560 3.43 
  89  133  410  613 3.71 
  89  187  410  613 3.14 
 125   27  375  613 -2.00 
 125   27  410  507 2.86 
 125   27  410  560 2.86 
 125   27  410  613 2.86 
 125   80  410  560 2.86 
 125   80  410  613 2.86 
 125  133  410  613 3.14 
