  42   31  708  594 2.86 
  42   31  708  656 2.57 
  42   31  708  719 2.57 
  42   31  792  531 3.14 
  42   31  792  594 3.14 
  42   31  792  656 2.71 
  42   31  792  719 2.71 
  42   31  875  531 4.00 
  42   31  875  594 4.14 
  42   31  875  656 3.14 
  42   31  875  719 3.00 
  42   31  958  531 4.43 
  42   31  958  594 4.00 
  42   31  958  656 3.14 
  42   31  958  719 3.00 
  42   94  708  656 2.57 
  42   94  708  719 2.57 
  42   94  792  594 3.00 
  42   94  792  656 2.71 
  42   94  792  719 2.71 
  42   94  875  594 3.29 
  42   94  875  656 3.00 
  42   94  875  719 3.00 
  42   94  958  531 -2.00 
  42   94  958  594 3.29 
  42   94  958  656 3.00 
  42   94  958  719 3.00 
  42  156  708  719 2.86 
  42  156  792  656 2.86 
  42  156  792  719 2.86 
  42  156  875  656 3.00 
  42  156  875  719 3.29 
  42  156  958  594 -2.00 
  42  156  958  656 3.00 
  42  156  958  719 3.29 
  42  219  792  719 3.29 
  42  219  875  719 3.57 
  42  219  958  656 -2.00 
  42  219  958  719 3.57 
 125   31  708  719 2.57 
 125   31  792  594 3.00 
 125   31  792  656 2.86 
 125   31  792  719 2.71 
 125   31  875  531 4.71 
 125   31  875  594 4.29 
 125   31  875  656 3.14 
 125   31  875  719 3.00 
 125   31  958  531 4.57 
 125   31  958  594 4.43 
 125   31  958  656 3.14 
 125   31  958  719 3.00 
 125   94  792  656 2.71 
 125   94  792  719 2.71 
 125   94  875  594 3.29 
 125   94  875  656 3.00 
 125   94  875  719 3.00 
 125   94  958  594 3.43 
 125   94  958  656 3.00 
 125   94  958  719 3.00 
 125  156  792  719 3.00 
 125  156  875  656 3.00 
 125  156  875  719 3.29 
 125  156  958  656 3.00 
 125  156  958  719 3.29 
 125  219  875  719 3.71 
 125  219  958  719 3.57 
 208   31  792  719 2.71 
 208   31  875  594 4.29 
 208   31  875  656 3.14 
 208   31  875  719 3.00 
 208   31  958  531 4.00 
 208   31  958  594 3.86 
 208   31  958  656 3.00 
 208   31  958  719 3.00 
 208   94  875  656 3.00 
 208   94  875  719 3.00 
 208   94  958  594 3.14 
 208   94  958  656 3.00 
 208   94  958  719 3.00 
 208  156  875  719 3.43 
 208  156  958  656 3.00 
 208  156  958  719 3.29 
 208  219  958  719 3.57 
 292   31  875  719 3.00 
 292   31  958  594 3.29 
 292   31  958  656 3.00 
 292   31  958  719 3.00 
 292   94  958  656 3.00 
 292   94  958  719 3.00 
 292  156  958  719 3.14 
