  25   43  417  811 1.43 
  25   43  417  896 1.43 
  25   43  417  981 -2.00 
  25   43  466  725 2.86 
  25   43  466  811 2.86 
  25   43  466  896 2.71 
  25   43  466  981 2.43 
  25   43  515  725 3.71 
  25   43  515  811 3.14 
  25   43  515  896 3.14 
  25   43  515  981 2.86 
  25   43  564  725 4.00 
  25   43  564  811 3.43 
  25   43  564  896 3.14 
  25   43  564  981 3.00 
  25  128  417  896 1.43 
  25  128  417  981 1.43 
  25  128  466  811 2.29 
  25  128  466  896 2.29 
  25  128  466  981 2.29 
  25  128  515  811 2.43 
  25  128  515  896 2.29 
  25  128  515  981 2.29 
  25  128  564  725 2.57 
  25  128  564  811 2.43 
  25  128  564  896 2.29 
  25  128  564  981 2.29 
  25  213  417  981 1.43 
  25  213  466  896 1.43 
  25  213  466  981 1.43 
  25  213  515  896 1.43 
  25  213  515  981 1.43 
  25  213  564  811 1.71 
  25  213  564  896 1.57 
  25  213  564  981 1.43 
  25  299  466  981 1.14 
  25  299  515  981 1.00 
  25  299  564  896 1.14 
  25  299  564  981 1.00 
  74   43  417  981 -2.00 
  74   43  466  811 2.71 
  74   43  466  896 2.57 
  74   43  466  981 -2.00 
  74   43  515  725 3.57 
  74   43  515  811 3.43 
  74   43  515  896 3.14 
  74   43  515  981 2.86 
  74   43  564  725 4.14 
  74   43  564  811 3.57 
  74   43  564  896 3.00 
  74   43  564  981 3.00 
  74  128  466  896 2.29 
  74  128  466  981 2.43 
  74  128  515  811 2.43 
  74  128  515  896 2.29 
  74  128  515  981 2.29 
  74  128  564  811 2.43 
  74  128  564  896 2.43 
  74  128  564  981 2.43 
  74  213  466  981 1.43 
  74  213  515  896 1.43 
  74  213  515  981 1.43 
  74  213  564  896 1.71 
  74  213  564  981 1.43 
  74  299  515  981 1.00 
  74  299  564  981 1.00 
 123   43  466  981 -2.00 
 123   43  515  811 3.29 
 123   43  515  896 3.00 
 123   43  515  981 -2.00 
 123   43  564  725 3.86 
 123   43  564  811 3.43 
 123   43  564  896 3.43 
 123   43  564  981 3.14 
 123  128  515  896 2.43 
 123  128  515  981 2.29 
 123  128  564  811 2.57 
 123  128  564  896 2.43 
 123  128  564  981 2.29 
 123  213  515  981 1.43 
 123  213  564  896 1.43 
 123  213  564  981 1.43 
 123  299  564  981 1.00 
 172   43  515  981 -2.00 
 172   43  564  811 3.43 
 172   43  564  896 3.29 
 172   43  564  981 -2.00 
 172  128  564  896 2.29 
 172  128  564  981 2.43 
 172  213  564  981 1.43 
