  32   43  543  811 1.43 
  32   43  543  896 1.43 
  32   43  543  981 1.43 
  32   43  607  725 2.57 
  32   43  607  811 2.57 
  32   43  607  896 2.57 
  32   43  607  981 2.57 
  32   43  671  725 3.57 
  32   43  671  811 3.57 
  32   43  671  896 3.29 
  32   43  671  981 3.29 
  32   43  735  725 3.14 
  32   43  735  811 3.71 
  32   43  735  896 3.71 
  32   43  735  981 4.14 
  32  128  543  896 1.43 
  32  128  543  981 1.57 
  32  128  607  811 2.71 
  32  128  607  896 2.71 
  32  128  607  981 2.71 
  32  128  671  811 3.57 
  32  128  671  896 3.29 
  32  128  671  981 3.43 
  32  128  735  725 3.29 
  32  128  735  811 3.71 
  32  128  735  896 4.00 
  32  128  735  981 3.71 
  32  213  543  981 1.57 
  32  213  607  896 2.86 
  32  213  607  981 2.57 
  32  213  671  896 3.00 
  32  213  671  981 3.71 
  32  213  735  811 4.00 
  32  213  735  896 3.71 
  32  213  735  981 3.71 
  32  299  607  981 2.43 
  32  299  671  981 3.14 
  32  299  735  896 3.29 
  32  299  735  981 2.86 
  96   43  543  981 1.43 
  96   43  607  811 2.86 
  96   43  607  896 3.00 
  96   43  607  981 2.71 
  96   43  671  725 3.14 
  96   43  671  811 3.86 
  96   43  671  896 3.71 
  96   43  671  981 4.29 
  96   43  735  725 3.43 
  96   43  735  811 3.86 
  96   43  735  896 3.71 
  96   43  735  981 4.14 
  96  128  607  896 2.71 
  96  128  607  981 3.00 
  96  128  671  811 3.57 
  96  128  671  896 3.57 
  96  128  671  981 3.86 
  96  128  735  811 3.71 
  96  128  735  896 4.14 
  96  128  735  981 4.00 
  96  213  607  981 3.14 
  96  213  671  896 3.14 
  96  213  671  981 3.71 
  96  213  735  896 3.29 
  96  213  735  981 4.00 
  96  299  671  981 2.86 
  96  299  735  981 2.86 
 160   43  607  981 3.14 
 160   43  671  811 4.14 
 160   43  671  896 4.00 
 160   43  671  981 4.29 
 160   43  735  725 3.43 
 160   43  735  811 3.86 
 160   43  735  896 4.00 
 160   43  735  981 4.00 
 160  128  671  896 4.14 
 160  128  671  981 4.00 
 160  128  735  811 3.71 
 160  128  735  896 3.86 
 160  128  735  981 3.86 
 160  213  671  981 3.86 
 160  213  735  896 3.86 
 160  213  735  981 4.00 
 160  299  735  981 3.14 
 224   43  671  981 3.00 
 224   43  735  811 3.43 
 224   43  735  896 3.14 
 224   43  735  981 2.86 
 224  128  735  896 3.57 
 224  128  735  981 3.43 
 224  213  735  981 3.71 
