  28   43  482  811 2.86 
  28   43  482  896 3.57 
  28   43  482  981 3.14 
  28   43  539  725 2.14 
  28   43  539  811 3.00 
  28   43  539  896 4.14 
  28   43  539  981 3.29 
  28   43  596  725 2.14 
  28   43  596  811 3.00 
  28   43  596  896 4.00 
  28   43  596  981 3.29 
  28   43  653  725 2.14 
  28   43  653  811 3.00 
  28   43  653  896 3.57 
  28   43  653  981 3.29 
  28  128  482  896 3.14 
  28  128  482  981 3.14 
  28  128  539  811 3.00 
  28  128  539  896 4.00 
  28  128  539  981 3.14 
  28  128  596  811 3.29 
  28  128  596  896 3.57 
  28  128  596  981 3.14 
  28  128  653  725 2.14 
  28  128  653  811 3.29 
  28  128  653  896 3.43 
  28  128  653  981 3.00 
  28  213  482  981 3.00 
  28  213  539  896 3.29 
  28  213  539  981 3.00 
  28  213  596  896 3.29 
  28  213  596  981 3.00 
  28  213  653  811 3.57 
  28  213  653  896 3.14 
  28  213  653  981 3.00 
  28  299  539  981 3.00 
  28  299  596  981 3.00 
  28  299  653  896 3.00 
  28  299  653  981 3.00 
  85   43  482  981 -2.00 
  85   43  539  811 2.86 
  85   43  539  896 4.14 
  85   43  539  981 3.57 
  85   43  596  725 2.14 
  85   43  596  811 3.00 
  85   43  596  896 3.57 
  85   43  596  981 3.29 
  85   43  653  725 2.14 
  85   43  653  811 3.00 
  85   43  653  896 3.57 
  85   43  653  981 3.29 
  85  128  539  896 3.71 
  85  128  539  981 3.29 
  85  128  596  811 3.29 
  85  128  596  896 3.43 
  85  128  596  981 3.14 
  85  128  653  811 3.14 
  85  128  653  896 3.43 
  85  128  653  981 3.00 
  85  213  539  981 3.00 
  85  213  596  896 3.14 
  85  213  596  981 3.00 
  85  213  653  896 3.43 
  85  213  653  981 3.00 
  85  299  596  981 3.00 
  85  299  653  981 3.00 
 142   43  539  981 -2.00 
 142   43  596  811 3.14 
 142   43  596  896 3.57 
 142   43  596  981 3.43 
 142   43  653  725 2.14 
 142   43  653  811 3.00 
 142   43  653  896 3.57 
 142   43  653  981 3.29 
 142  128  596  896 3.86 
 142  128  596  981 3.00 
 142  128  653  811 3.29 
 142  128  653  896 3.57 
 142  128  653  981 3.00 
 142  213  596  981 3.00 
 142  213  653  896 3.29 
 142  213  653  981 3.00 
 142  299  653  981 3.00 
 199   43  596  981 -2.00 
 199   43  653  811 3.00 
 199   43  653  896 3.57 
 199   43  653  981 3.43 
 199  128  653  896 3.71 
 199  128  653  981 3.14 
 199  213  653  981 3.00 
