  33   43  555  811 4.86 
  33   43  555  896 4.14 
  33   43  555  981 4.00 
  33   43  620  725 3.57 
  33   43  620  811 4.29 
  33   43  620  896 4.29 
  33   43  620  981 4.29 
  33   43  685  725 3.43 
  33   43  685  811 4.00 
  33   43  685  896 4.00 
  33   43  685  981 4.00 
  33   43  750  725 3.14 
  33   43  750  811 3.86 
  33   43  750  896 3.86 
  33   43  750  981 4.14 
  33  128  555  896 3.57 
  33  128  555  981 3.14 
  33  128  620  811 4.29 
  33  128  620  896 3.57 
  33  128  620  981 3.00 
  33  128  685  811 4.14 
  33  128  685  896 3.57 
  33  128  685  981 3.00 
  33  128  750  725 3.57 
  33  128  750  811 3.57 
  33  128  750  896 3.43 
  33  128  750  981 3.00 
  33  213  555  981 2.29 
  33  213  620  896 2.57 
  33  213  620  981 2.29 
  33  213  685  896 2.29 
  33  213  685  981 2.14 
  33  213  750  811 2.43 
  33  213  750  896 2.57 
  33  213  750  981 2.14 
  33  299  620  981 1.00 
  33  299  685  981 1.00 
  33  299  750  896 1.00 
  33  299  750  981 1.00 
  98   43  555  981 3.71 
  98   43  620  811 3.43 
  98   43  620  896 3.57 
  98   43  620  981 3.14 
  98   43  685  725 3.29 
  98   43  685  811 3.86 
  98   43  685  896 3.29 
  98   43  685  981 3.14 
  98   43  750  725 3.43 
  98   43  750  811 3.71 
  98   43  750  896 3.71 
  98   43  750  981 3.43 
  98  128  620  896 3.14 
  98  128  620  981 2.86 
  98  128  685  811 3.86 
  98  128  685  896 3.43 
  98  128  685  981 3.29 
  98  128  750  811 3.43 
  98  128  750  896 2.71 
  98  128  750  981 2.86 
  98  213  620  981 2.43 
  98  213  685  896 2.57 
  98  213  685  981 2.00 
  98  213  750  896 2.57 
  98  213  750  981 2.57 
  98  299  685  981 1.00 
  98  299  750  981 1.00 
 163   43  620  981 2.43 
 163   43  685  811 3.00 
 163   43  685  896 2.43 
 163   43  685  981 2.43 
 163   43  750  725 2.71 
 163   43  750  811 2.29 
 163   43  750  896 2.71 
 163   43  750  981 2.29 
 163  128  685  896 2.14 
 163  128  685  981 2.29 
 163  128  750  811 3.00 
 163  128  750  896 2.29 
 163  128  750  981 2.14 
 163  213  685  981 2.29 
 163  213  750  896 2.29 
 163  213  750  981 2.00 
 163  299  750  981 1.00 
 228   43  685  981 1.00 
 228   43  750  811 1.00 
 228   43  750  896 1.00 
 228   43  750  981 1.00 
 228  128  750  896 1.00 
 228  128  750  981 1.00 
 228  213  750  981 1.00 
