  28   43  480  811 1.71 
  28   43  480  896 1.86 
  28   43  480  981 1.86 
  28   43  536  725 1.71 
  28   43  536  811 1.86 
  28   43  536  896 2.14 
  28   43  536  981 2.00 
  28   43  592  725 1.71 
  28   43  592  811 2.14 
  28   43  592  896 2.71 
  28   43  592  981 2.71 
  28   43  649  725 1.86 
  28   43  649  811 2.14 
  28   43  649  896 3.43 
  28   43  649  981 3.86 
  28  128  480  896 1.71 
  28  128  480  981 1.86 
  28  128  536  811 1.86 
  28  128  536  896 2.00 
  28  128  536  981 2.00 
  28  128  592  811 2.14 
  28  128  592  896 2.71 
  28  128  592  981 3.00 
  28  128  649  725 1.71 
  28  128  649  811 2.29 
  28  128  649  896 3.43 
  28  128  649  981 3.57 
  28  213  480  981 1.71 
  28  213  536  896 2.14 
  28  213  536  981 2.00 
  28  213  592  896 2.71 
  28  213  592  981 2.57 
  28  213  649  811 2.14 
  28  213  649  896 3.43 
  28  213  649  981 3.14 
  28  299  536  981 2.00 
  28  299  592  981 2.57 
  28  299  649  896 3.14 
  28  299  649  981 3.00 
  85   43  480  981 -2.00 
  85   43  536  811 2.00 
  85   43  536  896 2.14 
  85   43  536  981 2.00 
  85   43  592  725 1.86 
  85   43  592  811 2.00 
  85   43  592  896 2.71 
  85   43  592  981 2.86 
  85   43  649  725 1.71 
  85   43  649  811 2.29 
  85   43  649  896 3.29 
  85   43  649  981 4.00 
  85  128  536  896 2.14 
  85  128  536  981 2.00 
  85  128  592  811 2.14 
  85  128  592  896 2.86 
  85  128  592  981 2.71 
  85  128  649  811 2.43 
  85  128  649  896 3.71 
  85  128  649  981 3.71 
  85  213  536  981 2.00 
  85  213  592  896 2.86 
  85  213  592  981 3.00 
  85  213  649  896 3.57 
  85  213  649  981 3.14 
  85  299  592  981 2.71 
  85  299  649  981 3.00 
 141   43  536  981 -2.00 
 141   43  592  811 2.00 
 141   43  592  896 3.00 
 141   43  592  981 3.00 
 141   43  649  725 1.86 
 141   43  649  811 2.00 
 141   43  649  896 3.57 
 141   43  649  981 4.00 
 141  128  592  896 3.43 
 141  128  592  981 2.71 
 141  128  649  811 2.43 
 141  128  649  896 3.71 
 141  128  649  981 3.71 
 141  213  592  981 2.86 
 141  213  649  896 3.71 
 141  213  649  981 3.14 
 141  299  649  981 3.14 
 197   43  592  981 -2.00 
 197   43  649  811 2.29 
 197   43  649  896 3.43 
 197   43  649  981 3.71 
 197  128  649  896 3.57 
 197  128  649  981 3.86 
 197  213  649  981 3.29 
