  43   31  725  580 2.57 
  43   31  725  641 3.00 
  43   31  725  702 3.00 
  43   31  811  519 2.00 
  43   31  811  580 2.57 
  43   31  811  641 3.00 
  43   31  811  702 3.00 
  43   31  896  519 1.86 
  43   31  896  580 2.71 
  43   31  896  641 4.29 
  43   31  896  702 3.57 
  43   31  981  519 1.86 
  43   31  981  580 2.57 
  43   31  981  641 4.14 
  43   31  981  702 3.71 
  43   92  725  641 3.00 
  43   92  725  702 2.86 
  43   92  811  580 2.57 
  43   92  811  641 3.00 
  43   92  811  702 3.00 
  43   92  896  580 2.43 
  43   92  896  641 3.86 
  43   92  896  702 3.14 
  43   92  981  519 -2.00 
  43   92  981  580 2.57 
  43   92  981  641 3.71 
  43   92  981  702 3.00 
  43  153  725  702 2.71 
  43  153  811  641 2.71 
  43  153  811  702 2.57 
  43  153  896  641 2.86 
  43  153  896  702 2.57 
  43  153  981  580 -2.00 
  43  153  981  641 2.71 
  43  153  981  702 2.57 
  43  214  811  702 2.57 
  43  214  896  702 2.57 
  43  214  981  641 -2.00 
  43  214  981  702 2.43 
 128   31  725  702 1.86 
 128   31  811  580 1.86 
 128   31  811  641 1.71 
 128   31  811  702 1.86 
 128   31  896  519 1.86 
 128   31  896  580 1.86 
 128   31  896  641 1.86 
 128   31  896  702 1.86 
 128   31  981  519 1.71 
 128   31  981  580 2.00 
 128   31  981  641 1.86 
 128   31  981  702 2.00 
 128   92  811  641 1.86 
 128   92  811  702 2.00 
 128   92  896  580 1.86 
 128   92  896  641 1.86 
 128   92  896  702 1.86 
 128   92  981  580 1.86 
 128   92  981  641 1.86 
 128   92  981  702 2.00 
 128  153  811  702 1.86 
 128  153  896  641 1.86 
 128  153  896  702 1.86 
 128  153  981  641 1.86 
 128  153  981  702 1.86 
 128  214  896  702 1.86 
 128  214  981  702 2.00 
 213   31  811  702 1.00 
 213   31  896  580 1.00 
 213   31  896  641 1.00 
 213   31  896  702 1.00 
 213   31  981  519 1.00 
 213   31  981  580 1.00 
 213   31  981  641 1.00 
 213   31  981  702 1.14 
 213   92  896  641 1.00 
 213   92  896  702 1.00 
 213   92  981  580 1.00 
 213   92  981  641 1.14 
 213   92  981  702 1.00 
 213  153  896  702 1.00 
 213  153  981  641 1.00 
 213  153  981  702 1.00 
 213  214  981  702 1.00 
 299   31  896  702 1.00 
 299   31  981  580 1.00 
 299   31  981  641 1.00 
 299   31  981  702 1.00 
 299   92  981  641 1.00 
 299   92  981  702 1.00 
 299  153  981  702 1.00 
