  28   43  484  811 1.00 
  28   43  484  896 1.00 
  28   43  484  981 1.00 
  28   43  541  725 1.71 
  28   43  541  811 1.86 
  28   43  541  896 1.71 
  28   43  541  981 1.71 
  28   43  598  725 2.29 
  28   43  598  811 2.86 
  28   43  598  896 3.00 
  28   43  598  981 3.00 
  28   43  655  725 3.00 
  28   43  655  811 4.29 
  28   43  655  896 4.14 
  28   43  655  981 4.14 
  28  128  484  896 1.00 
  28  128  484  981 1.00 
  28  128  541  811 1.86 
  28  128  541  896 1.71 
  28  128  541  981 1.57 
  28  128  598  811 2.86 
  28  128  598  896 3.14 
  28  128  598  981 2.86 
  28  128  655  725 3.86 
  28  128  655  811 4.14 
  28  128  655  896 4.29 
  28  128  655  981 3.71 
  28  213  484  981 1.00 
  28  213  541  896 2.00 
  28  213  541  981 1.57 
  28  213  598  896 2.86 
  28  213  598  981 2.71 
  28  213  655  811 4.14 
  28  213  655  896 3.71 
  28  213  655  981 3.43 
  28  299  541  981 1.57 
  28  299  598  981 2.71 
  28  299  655  896 3.00 
  28  299  655  981 3.14 
  85   43  484  981 -2.00 
  85   43  541  811 1.71 
  85   43  541  896 1.86 
  85   43  541  981 1.71 
  85   43  598  725 2.57 
  85   43  598  811 3.00 
  85   43  598  896 3.14 
  85   43  598  981 3.00 
  85   43  655  725 2.86 
  85   43  655  811 3.86 
  85   43  655  896 4.14 
  85   43  655  981 4.14 
  85  128  541  896 1.71 
  85  128  541  981 1.71 
  85  128  598  811 2.86 
  85  128  598  896 3.00 
  85  128  598  981 2.71 
  85  128  655  811 4.29 
  85  128  655  896 4.14 
  85  128  655  981 3.57 
  85  213  541  981 1.71 
  85  213  598  896 3.00 
  85  213  598  981 2.86 
  85  213  655  896 3.57 
  85  213  655  981 3.14 
  85  299  598  981 2.71 
  85  299  655  981 3.14 
 142   43  541  981 -2.00 
 142   43  598  811 3.00 
 142   43  598  896 2.86 
 142   43  598  981 3.00 
 142   43  655  725 2.86 
 142   43  655  811 3.71 
 142   43  655  896 4.29 
 142   43  655  981 3.86 
 142  128  598  896 3.29 
 142  128  598  981 2.86 
 142  128  655  811 4.14 
 142  128  655  896 4.29 
 142  128  655  981 3.43 
 142  213  598  981 2.86 
 142  213  655  896 3.43 
 142  213  655  981 3.29 
 142  299  655  981 3.14 
 199   43  598  981 -2.00 
 199   43  655  811 3.43 
 199   43  655  896 4.14 
 199   43  655  981 3.86 
 199  128  655  896 4.14 
 199  128  655  981 3.57 
 199  213  655  981 3.14 
