  29   43  491  811 3.00 
  29   43  491  896 3.00 
  29   43  491  981 3.00 
  29   43  549  725 3.14 
  29   43  549  811 4.43 
  29   43  549  896 4.29 
  29   43  549  981 3.71 
  29   43  606  725 3.29 
  29   43  606  811 4.43 
  29   43  606  896 4.14 
  29   43  606  981 3.29 
  29   43  664  725 3.29 
  29   43  664  811 4.00 
  29   43  664  896 3.86 
  29   43  664  981 3.29 
  29  128  491  896 2.71 
  29  128  491  981 2.57 
  29  128  549  811 3.29 
  29  128  549  896 3.57 
  29  128  549  981 3.57 
  29  128  606  811 3.14 
  29  128  606  896 3.14 
  29  128  606  981 3.57 
  29  128  664  725 3.86 
  29  128  664  811 3.43 
  29  128  664  896 3.14 
  29  128  664  981 3.00 
  29  213  491  981 2.43 
  29  213  549  896 2.71 
  29  213  549  981 2.57 
  29  213  606  896 2.71 
  29  213  606  981 2.71 
  29  213  664  811 2.71 
  29  213  664  896 2.71 
  29  213  664  981 2.71 
  29  299  549  981 1.43 
  29  299  606  981 1.43 
  29  299  664  896 1.29 
  29  299  664  981 1.29 
  87   43  491  981 -2.00 
  87   43  549  811 4.43 
  87   43  549  896 4.43 
  87   43  549  981 3.57 
  87   43  606  725 3.29 
  87   43  606  811 4.14 
  87   43  606  896 4.00 
  87   43  606  981 3.57 
  87   43  664  725 3.29 
  87   43  664  811 3.57 
  87   43  664  896 3.57 
  87   43  664  981 3.14 
  87  128  549  896 3.57 
  87  128  549  981 2.86 
  87  128  606  811 3.14 
  87  128  606  896 3.71 
  87  128  606  981 3.71 
  87  128  664  811 3.29 
  87  128  664  896 3.14 
  87  128  664  981 2.86 
  87  213  549  981 2.57 
  87  213  606  896 2.71 
  87  213  606  981 2.57 
  87  213  664  896 2.71 
  87  213  664  981 2.71 
  87  299  606  981 1.43 
  87  299  664  981 1.29 
 144   43  549  981 -2.00 
 144   43  606  811 3.57 
 144   43  606  896 3.57 
 144   43  606  981 3.57 
 144   43  664  725 3.29 
 144   43  664  811 3.57 
 144   43  664  896 3.43 
 144   43  664  981 3.14 
 144  128  606  896 3.14 
 144  128  606  981 2.86 
 144  128  664  811 3.14 
 144  128  664  896 2.86 
 144  128  664  981 2.86 
 144  213  606  981 2.71 
 144  213  664  896 2.71 
 144  213  664  981 2.71 
 144  299  664  981 1.43 
 202   43  606  981 -2.00 
 202   43  664  811 3.57 
 202   43  664  896 3.43 
 202   43  664  981 3.14 
 202  128  664  896 3.00 
 202  128  664  981 2.86 
 202  213  664  981 2.57 
