  30   43  518  811 3.43 
  30   43  518  896 3.57 
  30   43  518  981 3.57 
  30   43  579  725 3.00 
  30   43  579  811 3.00 
  30   43  579  896 3.14 
  30   43  579  981 3.00 
  30   43  640  725 2.57 
  30   43  640  811 2.43 
  30   43  640  896 2.43 
  30   43  640  981 2.43 
  30   43  701  725 2.57 
  30   43  701  811 2.57 
  30   43  701  896 2.57 
  30   43  701  981 2.57 
  30  128  518  896 3.43 
  30  128  518  981 3.57 
  30  128  579  811 3.00 
  30  128  579  896 3.00 
  30  128  579  981 3.00 
  30  128  640  811 2.43 
  30  128  640  896 2.43 
  30  128  640  981 2.57 
  30  128  701  725 2.57 
  30  128  701  811 2.57 
  30  128  701  896 2.57 
  30  128  701  981 2.57 
  30  213  518  981 3.57 
  30  213  579  896 3.00 
  30  213  579  981 3.00 
  30  213  640  896 2.43 
  30  213  640  981 2.43 
  30  213  701  811 2.57 
  30  213  701  896 2.57 
  30  213  701  981 2.57 
  30  299  579  981 3.00 
  30  299  640  981 2.43 
  30  299  701  896 2.57 
  30  299  701  981 2.57 
  91   43  518  981 -2.00 
  91   43  579  811 3.00 
  91   43  579  896 3.29 
  91   43  579  981 3.14 
  91   43  640  725 2.57 
  91   43  640  811 2.57 
  91   43  640  896 2.57 
  91   43  640  981 2.71 
  91   43  701  725 2.43 
  91   43  701  811 2.43 
  91   43  701  896 2.43 
  91   43  701  981 2.43 
  91  128  579  896 3.00 
  91  128  579  981 3.43 
  91  128  640  811 2.57 
  91  128  640  896 2.57 
  91  128  640  981 2.57 
  91  128  701  811 2.43 
  91  128  701  896 2.43 
  91  128  701  981 2.43 
  91  213  579  981 3.00 
  91  213  640  896 2.57 
  91  213  640  981 2.57 
  91  213  701  896 2.43 
  91  213  701  981 2.43 
  91  299  640  981 2.71 
  91  299  701  981 2.43 
 152   43  579  981 -2.00 
 152   43  640  811 2.43 
 152   43  640  896 2.43 
 152   43  640  981 2.43 
 152   43  701  725 2.43 
 152   43  701  811 2.43 
 152   43  701  896 2.43 
 152   43  701  981 2.57 
 152  128  640  896 2.43 
 152  128  640  981 2.57 
 152  128  701  811 2.43 
 152  128  701  896 2.43 
 152  128  701  981 2.43 
 152  213  640  981 2.43 
 152  213  701  896 2.43 
 152  213  701  981 2.43 
 152  299  701  981 2.43 
 213   43  640  981 -2.00 
 213   43  701  811 2.29 
 213   43  701  896 2.29 
 213   43  701  981 2.43 
 213  128  701  896 2.29 
 213  128  701  981 2.29 
 213  213  701  981 2.29 
