  32   43  538  811 2.29 
  32   43  538  896 2.29 
  32   43  538  981 2.43 
  32   43  601  725 2.00 
  32   43  601  811 2.29 
  32   43  601  896 2.43 
  32   43  601  981 3.71 
  32   43  664  725 2.14 
  32   43  664  811 2.29 
  32   43  664  896 2.57 
  32   43  664  981 3.86 
  32   43  727  725 1.86 
  32   43  727  811 2.14 
  32   43  727  896 2.43 
  32   43  727  981 4.00 
  32  128  538  896 1.86 
  32  128  538  981 2.14 
  32  128  601  811 1.86 
  32  128  601  896 2.00 
  32  128  601  981 2.57 
  32  128  664  811 2.00 
  32  128  664  896 2.14 
  32  128  664  981 2.71 
  32  128  727  725 1.86 
  32  128  727  811 2.14 
  32  128  727  896 2.14 
  32  128  727  981 3.00 
  32  213  538  981 2.29 
  32  213  601  896 2.57 
  32  213  601  981 3.29 
  32  213  664  896 2.71 
  32  213  664  981 4.00 
  32  213  727  811 2.14 
  32  213  727  896 2.43 
  32  213  727  981 4.14 
  32  299  601  981 3.14 
  32  299  664  981 3.57 
  32  299  727  896 2.57 
  32  299  727  981 4.00 
  95   43  538  981 2.43 
  95   43  601  811 2.29 
  95   43  601  896 2.57 
  95   43  601  981 3.43 
  95   43  664  725 1.86 
  95   43  664  811 2.29 
  95   43  664  896 2.57 
  95   43  664  981 3.86 
  95   43  727  725 2.00 
  95   43  727  811 2.14 
  95   43  727  896 2.43 
  95   43  727  981 3.57 
  95  128  601  896 1.86 
  95  128  601  981 2.71 
  95  128  664  811 1.71 
  95  128  664  896 2.29 
  95  128  664  981 3.00 
  95  128  727  811 2.14 
  95  128  727  896 2.14 
  95  128  727  981 3.00 
  95  213  601  981 3.14 
  95  213  664  896 2.57 
  95  213  664  981 4.14 
  95  213  727  896 2.57 
  95  213  727  981 4.14 
  95  299  664  981 4.14 
  95  299  727  981 4.00 
 158   43  601  981 3.29 
 158   43  664  811 2.14 
 158   43  664  896 2.43 
 158   43  664  981 3.43 
 158   43  727  725 1.71 
 158   43  727  811 2.00 
 158   43  727  896 2.43 
 158   43  727  981 3.29 
 158  128  664  896 1.86 
 158  128  664  981 2.86 
 158  128  727  811 1.86 
 158  128  727  896 2.14 
 158  128  727  981 2.86 
 158  213  664  981 4.00 
 158  213  727  896 2.57 
 158  213  727  981 4.00 
 158  299  727  981 3.57 
 221   43  664  981 3.00 
 221   43  727  811 1.86 
 221   43  727  896 2.14 
 221   43  727  981 2.43 
 221  128  727  896 2.00 
 221  128  727  981 2.43 
 221  213  727  981 3.14 
