  29   43  488  811 2.57 
  29   43  488  896 2.86 
  29   43  488  981 3.00 
  29   43  545  725 2.71 
  29   43  545  811 3.57 
  29   43  545  896 4.57 
  29   43  545  981 4.57 
  29   43  603  725 2.57 
  29   43  603  811 3.43 
  29   43  603  896 4.43 
  29   43  603  981 4.71 
  29   43  660  725 2.57 
  29   43  660  811 4.00 
  29   43  660  896 4.43 
  29   43  660  981 3.86 
  29  128  488  896 2.86 
  29  128  488  981 2.86 
  29  128  545  811 3.57 
  29  128  545  896 4.29 
  29  128  545  981 3.86 
  29  128  603  811 4.14 
  29  128  603  896 4.29 
  29  128  603  981 3.71 
  29  128  660  725 3.00 
  29  128  660  811 4.43 
  29  128  660  896 4.57 
  29  128  660  981 4.14 
  29  213  488  981 2.57 
  29  213  545  896 3.71 
  29  213  545  981 3.14 
  29  213  603  896 3.71 
  29  213  603  981 3.29 
  29  213  660  811 4.57 
  29  213  660  896 4.00 
  29  213  660  981 3.29 
  29  299  545  981 2.57 
  29  299  603  981 2.57 
  29  299  660  896 3.43 
  29  299  660  981 2.71 
  86   43  488  981 -2.00 
  86   43  545  811 3.86 
  86   43  545  896 4.86 
  86   43  545  981 4.86 
  86   43  603  725 2.71 
  86   43  603  811 3.29 
  86   43  603  896 4.43 
  86   43  603  981 4.71 
  86   43  660  725 2.57 
  86   43  660  811 3.43 
  86   43  660  896 4.14 
  86   43  660  981 4.43 
  86  128  545  896 4.14 
  86  128  545  981 4.00 
  86  128  603  811 4.14 
  86  128  603  896 4.00 
  86  128  603  981 4.00 
  86  128  660  811 3.86 
  86  128  660  896 3.86 
  86  128  660  981 3.29 
  86  213  545  981 3.43 
  86  213  603  896 3.57 
  86  213  603  981 3.43 
  86  213  660  896 3.71 
  86  213  660  981 3.14 
  86  299  603  981 2.71 
  86  299  660  981 2.86 
 144   43  545  981 -2.00 
 144   43  603  811 3.43 
 144   43  603  896 3.86 
 144   43  603  981 3.86 
 144   43  660  725 2.57 
 144   43  660  811 3.29 
 144   43  660  896 3.43 
 144   43  660  981 3.43 
 144  128  603  896 4.00 
 144  128  603  981 3.71 
 144  128  660  811 3.57 
 144  128  660  896 3.43 
 144  128  660  981 3.43 
 144  213  603  981 3.43 
 144  213  660  896 3.43 
 144  213  660  981 3.14 
 144  299  660  981 2.57 
 201   43  603  981 -2.00 
 201   43  660  811 2.57 
 201   43  660  896 3.00 
 201   43  660  981 2.86 
 201  128  660  896 3.00 
 201  128  660  981 3.14 
 201  213  660  981 2.71 
