  30   43  508  811 3.71 
  30   43  508  896 3.71 
  30   43  508  981 3.86 
  30   43  568  725 3.29 
  30   43  568  811 4.14 
  30   43  568  896 4.57 
  30   43  568  981 4.43 
  30   43  627  725 3.29 
  30   43  627  811 4.00 
  30   43  627  896 4.29 
  30   43  627  981 4.14 
  30   43  687  725 3.71 
  30   43  687  811 4.14 
  30   43  687  896 4.43 
  30   43  687  981 4.00 
  30  128  508  896 3.00 
  30  128  508  981 3.14 
  30  128  568  811 3.00 
  30  128  568  896 2.86 
  30  128  568  981 2.86 
  30  128  627  811 3.29 
  30  128  627  896 3.14 
  30  128  627  981 3.14 
  30  128  687  725 3.14 
  30  128  687  811 3.00 
  30  128  687  896 3.14 
  30  128  687  981 3.29 
  30  213  508  981 3.00 
  30  213  568  896 3.00 
  30  213  568  981 2.86 
  30  213  627  896 2.86 
  30  213  627  981 2.86 
  30  213  687  811 3.14 
  30  213  687  896 3.00 
  30  213  687  981 2.86 
  30  299  568  981 2.57 
  30  299  627  981 2.57 
  30  299  687  896 2.57 
  30  299  687  981 2.57 
  90   43  508  981 -2.00 
  90   43  568  811 3.57 
  90   43  568  896 3.86 
  90   43  568  981 3.29 
  90   43  627  725 3.29 
  90   43  627  811 3.29 
  90   43  627  896 4.00 
  90   43  627  981 3.86 
  90   43  687  725 3.00 
  90   43  687  811 3.29 
  90   43  687  896 3.57 
  90   43  687  981 3.57 
  90  128  568  896 3.00 
  90  128  568  981 3.14 
  90  128  627  811 3.00 
  90  128  627  896 3.14 
  90  128  627  981 3.00 
  90  128  687  811 3.00 
  90  128  687  896 3.00 
  90  128  687  981 2.86 
  90  213  568  981 2.71 
  90  213  627  896 2.71 
  90  213  627  981 2.86 
  90  213  687  896 2.86 
  90  213  687  981 2.71 
  90  299  627  981 2.43 
  90  299  687  981 2.57 
 149   43  568  981 -2.00 
 149   43  627  811 1.71 
 149   43  627  896 2.14 
 149   43  627  981 1.86 
 149   43  687  725 2.00 
 149   43  687  811 1.86 
 149   43  687  896 1.57 
 149   43  687  981 1.57 
 149  128  627  896 1.71 
 149  128  627  981 1.57 
 149  128  687  811 1.86 
 149  128  687  896 1.43 
 149  128  687  981 1.43 
 149  213  627  981 1.57 
 149  213  687  896 1.86 
 149  213  687  981 1.43 
 149  299  687  981 1.57 
 209   43  627  981 -2.00 
 209   43  687  811 1.29 
 209   43  687  896 1.14 
 209   43  687  981 1.14 
 209  128  687  896 1.14 
 209  128  687  981 1.14 
 209  213  687  981 1.00 
