  29   43  490  811 3.14 
  29   43  490  896 2.86 
  29   43  490  981 2.71 
  29   43  548  725 3.14 
  29   43  548  811 3.29 
  29   43  548  896 3.29 
  29   43  548  981 3.00 
  29   43  606  725 3.14 
  29   43  606  811 3.29 
  29   43  606  896 3.29 
  29   43  606  981 3.57 
  29   43  663  725 3.14 
  29   43  663  811 3.43 
  29   43  663  896 3.29 
  29   43  663  981 3.57 
  29  128  490  896 2.86 
  29  128  490  981 3.00 
  29  128  548  811 3.00 
  29  128  548  896 3.29 
  29  128  548  981 3.43 
  29  128  606  811 3.29 
  29  128  606  896 3.29 
  29  128  606  981 3.43 
  29  128  663  725 3.29 
  29  128  663  811 3.29 
  29  128  663  896 3.43 
  29  128  663  981 3.71 
  29  213  490  981 2.71 
  29  213  548  896 3.14 
  29  213  548  981 3.29 
  29  213  606  896 3.29 
  29  213  606  981 3.14 
  29  213  663  811 3.86 
  29  213  663  896 3.29 
  29  213  663  981 3.14 
  29  299  548  981 3.00 
  29  299  606  981 3.14 
  29  299  663  896 3.00 
  29  299  663  981 3.14 
  87   43  490  981 -2.00 
  87   43  548  811 3.14 
  87   43  548  896 3.14 
  87   43  548  981 3.00 
  87   43  606  725 3.14 
  87   43  606  811 3.57 
  87   43  606  896 3.14 
  87   43  606  981 3.57 
  87   43  663  725 3.00 
  87   43  663  811 3.43 
  87   43  663  896 3.14 
  87   43  663  981 3.00 
  87  128  548  896 3.43 
  87  128  548  981 3.43 
  87  128  606  811 3.29 
  87  128  606  896 3.57 
  87  128  606  981 3.71 
  87  128  663  811 3.57 
  87  128  663  896 3.43 
  87  128  663  981 3.86 
  87  213  548  981 3.29 
  87  213  606  896 3.29 
  87  213  606  981 3.14 
  87  213  663  896 3.29 
  87  213  663  981 3.14 
  87  299  606  981 3.14 
  87  299  663  981 3.14 
 144   43  548  981 -2.00 
 144   43  606  811 3.29 
 144   43  606  896 3.14 
 144   43  606  981 3.43 
 144   43  663  725 3.00 
 144   43  663  811 3.14 
 144   43  663  896 3.14 
 144   43  663  981 3.57 
 144  128  606  896 3.86 
 144  128  606  981 3.43 
 144  128  663  811 3.14 
 144  128  663  896 3.14 
 144  128  663  981 3.43 
 144  213  606  981 3.14 
 144  213  663  896 3.14 
 144  213  663  981 3.14 
 144  299  663  981 3.00 
 202   43  606  981 -2.00 
 202   43  663  811 3.14 
 202   43  663  896 3.14 
 202   43  663  981 3.14 
 202  128  663  896 3.14 
 202  128  663  981 3.14 
 202  213  663  981 3.00 
