  25   43  431  811 2.71 
  25   43  431  896 2.71 
  25   43  431  981 -2.00 
  25   43  481  725 1.57 
  25   43  481  811 2.57 
  25   43  481  896 3.29 
  25   43  481  981 4.00 
  25   43  532  725 1.57 
  25   43  532  811 2.57 
  25   43  532  896 3.29 
  25   43  532  981 3.71 
  25   43  583  725 1.57 
  25   43  583  811 3.00 
  25   43  583  896 3.71 
  25   43  583  981 4.86 
  25  128  431  896 2.86 
  25  128  431  981 3.29 
  25  128  481  811 2.57 
  25  128  481  896 3.71 
  25  128  481  981 4.43 
  25  128  532  811 2.71 
  25  128  532  896 3.71 
  25  128  532  981 4.71 
  25  128  583  725 1.57 
  25  128  583  811 2.86 
  25  128  583  896 4.00 
  25  128  583  981 4.71 
  25  213  431  981 3.00 
  25  213  481  896 3.71 
  25  213  481  981 3.43 
  25  213  532  896 4.00 
  25  213  532  981 3.00 
  25  213  583  811 3.43 
  25  213  583  896 4.43 
  25  213  583  981 3.71 
  25  299  481  981 2.57 
  25  299  532  981 2.43 
  25  299  583  896 2.57 
  25  299  583  981 2.43 
  76   43  431  981 -2.00 
  76   43  481  811 3.00 
  76   43  481  896 3.71 
  76   43  481  981 -2.00 
  76   43  532  725 1.57 
  76   43  532  811 2.86 
  76   43  532  896 3.43 
  76   43  532  981 4.00 
  76   43  583  725 1.57 
  76   43  583  811 2.57 
  76   43  583  896 3.43 
  76   43  583  981 4.00 
  76  128  481  896 4.00 
  76  128  481  981 4.00 
  76  128  532  811 2.71 
  76  128  532  896 4.00 
  76  128  532  981 4.71 
  76  128  583  811 2.71 
  76  128  583  896 4.00 
  76  128  583  981 3.86 
  76  213  481  981 3.00 
  76  213  532  896 3.57 
  76  213  532  981 3.71 
  76  213  583  896 3.43 
  76  213  583  981 3.71 
  76  299  532  981 2.43 
  76  299  583  981 2.43 
 127   43  481  981 -2.00 
 127   43  532  811 2.29 
 127   43  532  896 3.14 
 127   43  532  981 -2.00 
 127   43  583  725 1.57 
 127   43  583  811 2.71 
 127   43  583  896 3.00 
 127   43  583  981 3.14 
 127  128  532  896 3.14 
 127  128  532  981 3.29 
 127  128  583  811 2.57 
 127  128  583  896 3.00 
 127  128  583  981 3.14 
 127  213  532  981 2.57 
 127  213  583  896 3.00 
 127  213  583  981 3.29 
 127  299  583  981 3.00 
 177   43  532  981 -2.00 
 177   43  583  811 1.86 
 177   43  583  896 1.86 
 177   43  583  981 -2.00 
 177  128  583  896 1.86 
 177  128  583  981 1.86 
 177  213  583  981 1.86 
