  43   33  725  618 2.57 
  43   33  725  683 2.71 
  43   33  725  748 2.71 
  43   33  811  553 1.86 
  43   33  811  618 2.00 
  43   33  811  683 2.00 
  43   33  811  748 2.00 
  43   33  896  553 3.00 
  43   33  896  618 2.86 
  43   33  896  683 3.00 
  43   33  896  748 3.00 
  43   33  981  553 3.00 
  43   33  981  618 3.14 
  43   33  981  683 3.00 
  43   33  981  748 3.29 
  43   98  725  683 2.71 
  43   98  725  748 2.71 
  43   98  811  618 2.00 
  43   98  811  683 2.00 
  43   98  811  748 2.00 
  43   98  896  618 2.86 
  43   98  896  683 3.00 
  43   98  896  748 3.00 
  43   98  981  553 -2.00 
  43   98  981  618 2.86 
  43   98  981  683 3.00 
  43   98  981  748 3.14 
  43  163  725  748 2.71 
  43  163  811  683 2.00 
  43  163  811  748 2.00 
  43  163  896  683 3.00 
  43  163  896  748 3.14 
  43  163  981  618 -2.00 
  43  163  981  683 3.00 
  43  163  981  748 3.29 
  43  228  811  748 2.00 
  43  228  896  748 3.00 
  43  228  981  683 -2.00 
  43  228  981  748 3.43 
 128   33  725  748 2.71 
 128   33  811  618 2.00 
 128   33  811  683 2.00 
 128   33  811  748 2.14 
 128   33  896  553 3.00 
 128   33  896  618 3.00 
 128   33  896  683 2.86 
 128   33  896  748 3.00 
 128   33  981  553 3.00 
 128   33  981  618 3.14 
 128   33  981  683 3.00 
 128   33  981  748 3.29 
 128   98  811  683 2.00 
 128   98  811  748 2.00 
 128   98  896  618 2.86 
 128   98  896  683 3.00 
 128   98  896  748 3.00 
 128   98  981  618 2.86 
 128   98  981  683 3.00 
 128   98  981  748 3.29 
 128  163  811  748 2.00 
 128  163  896  683 3.00 
 128  163  896  748 3.00 
 128  163  981  683 3.00 
 128  163  981  748 3.43 
 128  228  896  748 2.86 
 128  228  981  748 3.29 
 213   33  811  748 2.00 
 213   33  896  618 3.00 
 213   33  896  683 3.14 
 213   33  896  748 3.00 
 213   33  981  553 3.29 
 213   33  981  618 3.14 
 213   33  981  683 3.14 
 213   33  981  748 3.57 
 213   98  896  683 2.86 
 213   98  896  748 3.00 
 213   98  981  618 3.00 
 213   98  981  683 3.43 
 213   98  981  748 3.43 
 213  163  896  748 3.00 
 213  163  981  683 3.29 
 213  163  981  748 3.43 
 213  228  981  748 3.29 
 299   33  896  748 3.00 
 299   33  981  618 3.14 
 299   33  981  683 3.29 
 299   33  981  748 3.57 
 299   98  981  683 3.43 
 299   98  981  748 3.57 
 299  163  981  748 3.29 
