  28   43  481  811 2.57 
  28   43  481  896 2.57 
  28   43  481  981 2.57 
  28   43  538  725 3.29 
  28   43  538  811 3.14 
  28   43  538  896 2.86 
  28   43  538  981 2.86 
  28   43  594  725 3.71 
  28   43  594  811 3.29 
  28   43  594  896 3.00 
  28   43  594  981 3.00 
  28   43  651  725 3.86 
  28   43  651  811 3.14 
  28   43  651  896 3.00 
  28   43  651  981 3.00 
  28  128  481  896 2.57 
  28  128  481  981 2.57 
  28  128  538  811 3.00 
  28  128  538  896 3.00 
  28  128  538  981 3.14 
  28  128  594  811 3.00 
  28  128  594  896 3.29 
  28  128  594  981 3.29 
  28  128  651  725 3.29 
  28  128  651  811 3.14 
  28  128  651  896 3.00 
  28  128  651  981 3.29 
  28  213  481  981 2.71 
  28  213  538  896 3.14 
  28  213  538  981 3.29 
  28  213  594  896 3.29 
  28  213  594  981 3.57 
  28  213  651  811 3.14 
  28  213  651  896 3.43 
  28  213  651  981 3.71 
  28  299  538  981 3.00 
  28  299  594  981 3.00 
  28  299  651  896 3.43 
  28  299  651  981 3.00 
  85   43  481  981 -2.00 
  85   43  538  811 3.14 
  85   43  538  896 3.00 
  85   43  538  981 3.00 
  85   43  594  725 3.86 
  85   43  594  811 3.29 
  85   43  594  896 3.00 
  85   43  594  981 3.00 
  85   43  651  725 3.86 
  85   43  651  811 3.29 
  85   43  651  896 3.00 
  85   43  651  981 3.00 
  85  128  538  896 3.00 
  85  128  538  981 3.14 
  85  128  594  811 3.00 
  85  128  594  896 3.14 
  85  128  594  981 3.29 
  85  128  651  811 3.00 
  85  128  651  896 3.14 
  85  128  651  981 3.29 
  85  213  538  981 3.43 
  85  213  594  896 3.43 
  85  213  594  981 3.71 
  85  213  651  896 3.43 
  85  213  651  981 3.71 
  85  299  594  981 2.86 
  85  299  651  981 2.86 
 141   43  538  981 -2.00 
 141   43  594  811 3.29 
 141   43  594  896 3.00 
 141   43  594  981 3.00 
 141   43  651  725 4.00 
 141   43  651  811 3.29 
 141   43  651  896 3.14 
 141   43  651  981 3.00 
 141  128  594  896 3.14 
 141  128  594  981 3.29 
 141  128  651  811 3.00 
 141  128  651  896 3.00 
 141  128  651  981 3.14 
 141  213  594  981 3.86 
 141  213  651  896 3.57 
 141  213  651  981 4.14 
 141  299  651  981 2.86 
 198   43  594  981 -2.00 
 198   43  651  811 3.29 
 198   43  651  896 3.00 
 198   43  651  981 3.00 
 198  128  651  896 3.00 
 198  128  651  981 3.29 
 198  213  651  981 4.29 
