  32   43  545  811 3.43 
  32   43  545  896 3.57 
  32   43  545  981 3.57 
  32   43  610  725 3.29 
  32   43  610  811 3.57 
  32   43  610  896 4.43 
  32   43  610  981 4.29 
  32   43  674  725 3.29 
  32   43  674  811 4.14 
  32   43  674  896 4.57 
  32   43  674  981 4.71 
  32   43  738  725 3.29 
  32   43  738  811 4.00 
  32   43  738  896 4.43 
  32   43  738  981 4.43 
  32  128  545  896 3.14 
  32  128  545  981 3.00 
  32  128  610  811 4.14 
  32  128  610  896 3.57 
  32  128  610  981 3.29 
  32  128  674  811 4.43 
  32  128  674  896 3.71 
  32  128  674  981 3.29 
  32  128  738  725 4.43 
  32  128  738  811 4.14 
  32  128  738  896 3.43 
  32  128  738  981 3.43 
  32  213  545  981 2.57 
  32  213  610  896 2.57 
  32  213  610  981 2.57 
  32  213  674  896 2.57 
  32  213  674  981 2.57 
  32  213  738  811 2.71 
  32  213  738  896 2.71 
  32  213  738  981 2.57 
  32  299  610  981 1.43 
  32  299  674  981 1.43 
  32  299  738  896 1.57 
  32  299  738  981 1.57 
  96   43  545  981 4.43 
  96   43  610  811 4.00 
  96   43  610  896 4.43 
  96   43  610  981 4.29 
  96   43  674  725 3.14 
  96   43  674  811 3.71 
  96   43  674  896 4.00 
  96   43  674  981 4.00 
  96   43  738  725 3.14 
  96   43  738  811 3.57 
  96   43  738  896 3.29 
  96   43  738  981 3.29 
  96  128  610  896 3.57 
  96  128  610  981 3.14 
  96  128  674  811 3.71 
  96  128  674  896 3.29 
  96  128  674  981 3.29 
  96  128  738  811 3.43 
  96  128  738  896 3.29 
  96  128  738  981 3.00 
  96  213  610  981 2.57 
  96  213  674  896 2.57 
  96  213  674  981 2.57 
  96  213  738  896 2.57 
  96  213  738  981 2.57 
  96  299  674  981 1.43 
  96  299  738  981 1.43 
 160   43  610  981 3.00 
 160   43  674  811 2.71 
 160   43  674  896 2.86 
 160   43  674  981 2.86 
 160   43  738  725 2.71 
 160   43  738  811 2.86 
 160   43  738  896 2.86 
 160   43  738  981 2.71 
 160  128  674  896 2.86 
 160  128  674  981 2.71 
 160  128  738  811 2.71 
 160  128  738  896 2.57 
 160  128  738  981 2.71 
 160  213  674  981 2.57 
 160  213  738  896 2.43 
 160  213  738  981 2.57 
 160  299  738  981 1.43 
 225   43  674  981 1.57 
 225   43  738  811 1.57 
 225   43  738  896 1.57 
 225   43  738  981 1.57 
 225  128  738  896 1.57 
 225  128  738  981 1.57 
 225  213  738  981 1.57 
