  22   43  381  811 3.57 
  22   43  381  896 -2.00 
  22   43  381  981 -2.00 
  22   43  426  725 3.00 
  22   43  426  811 3.71 
  22   43  426  896 3.43 
  22   43  426  981 -2.00 
  22   43  471  725 3.00 
  22   43  471  811 4.14 
  22   43  471  896 3.43 
  22   43  471  981 3.29 
  22   43  516  725 3.43 
  22   43  516  811 4.00 
  22   43  516  896 3.29 
  22   43  516  981 3.29 
  22  128  381  896 3.14 
  22  128  381  981 -2.00 
  22  128  426  811 3.29 
  22  128  426  896 3.29 
  22  128  426  981 3.29 
  22  128  471  811 3.43 
  22  128  471  896 3.29 
  22  128  471  981 3.29 
  22  128  516  725 3.57 
  22  128  516  811 3.43 
  22  128  516  896 3.29 
  22  128  516  981 3.29 
  22  213  381  981 3.29 
  22  213  426  896 3.00 
  22  213  426  981 3.29 
  22  213  471  896 3.14 
  22  213  471  981 3.57 
  22  213  516  811 3.29 
  22  213  516  896 3.29 
  22  213  516  981 3.43 
  22  299  426  981 2.86 
  22  299  471  981 2.86 
  22  299  516  896 3.14 
  22  299  516  981 3.00 
  67   43  381  981 -2.00 
  67   43  426  811 3.57 
  67   43  426  896 -2.00 
  67   43  426  981 -2.00 
  67   43  471  725 3.29 
  67   43  471  811 3.71 
  67   43  471  896 3.29 
  67   43  471  981 -2.00 
  67   43  516  725 3.29 
  67   43  516  811 4.14 
  67   43  516  896 3.29 
  67   43  516  981 3.29 
  67  128  426  896 3.29 
  67  128  426  981 -2.00 
  67  128  471  811 3.29 
  67  128  471  896 3.29 
  67  128  471  981 3.14 
  67  128  516  811 3.14 
  67  128  516  896 3.29 
  67  128  516  981 3.43 
  67  213  426  981 3.43 
  67  213  471  896 3.29 
  67  213  471  981 3.29 
  67  213  516  896 3.29 
  67  213  516  981 3.43 
  67  299  471  981 3.14 
  67  299  516  981 3.14 
 112   43  426  981 -2.00 
 112   43  471  811 3.29 
 112   43  471  896 -2.00 
 112   43  471  981 -2.00 
 112   43  516  725 3.00 
 112   43  516  811 3.43 
 112   43  516  896 3.14 
 112   43  516  981 -2.00 
 112  128  471  896 3.14 
 112  128  471  981 -2.00 
 112  128  516  811 3.00 
 112  128  516  896 3.00 
 112  128  516  981 3.14 
 112  213  471  981 3.29 
 112  213  516  896 3.00 
 112  213  516  981 3.29 
 112  299  516  981 3.00 
 157   43  471  981 -2.00 
 157   43  516  811 2.71 
 157   43  516  896 -2.00 
 157   43  516  981 -2.00 
 157  128  516  896 2.86 
 157  128  516  981 -2.00 
 157  213  516  981 2.86 
