  43   29  725  542 2.00 
  43   29  725  599 3.14 
  43   29  725  656 4.29 
  43   29  811  485 1.71 
  43   29  811  542 1.71 
  43   29  811  599 3.14 
  43   29  811  656 4.29 
  43   29  896  485 1.57 
  43   29  896  542 1.86 
  43   29  896  599 3.14 
  43   29  896  656 4.29 
  43   29  981  485 -2.00 
  43   29  981  542 2.29 
  43   29  981  599 3.43 
  43   29  981  656 4.57 
  43   86  725  599 3.29 
  43   86  725  656 2.86 
  43   86  811  542 2.29 
  43   86  811  599 3.29 
  43   86  811  656 2.86 
  43   86  896  542 2.14 
  43   86  896  599 3.14 
  43   86  896  656 2.57 
  43   86  981  485 -2.00 
  43   86  981  542 -2.00 
  43   86  981  599 3.71 
  43   86  981  656 3.29 
  43  143  725  656 2.14 
  43  143  811  599 2.14 
  43  143  811  656 2.14 
  43  143  896  599 2.00 
  43  143  896  656 2.14 
  43  143  981  542 -2.00 
  43  143  981  599 -2.00 
  43  143  981  656 2.43 
  43  200  811  656 1.57 
  43  200  896  656 1.43 
  43  200  981  599 -2.00 
  43  200  981  656 -2.00 
 128   29  725  656 4.14 
 128   29  811  542 2.14 
 128   29  811  599 3.14 
 128   29  811  656 4.29 
 128   29  896  485 1.86 
 128   29  896  542 1.86 
 128   29  896  599 3.00 
 128   29  896  656 3.57 
 128   29  981  485 1.14 
 128   29  981  542 2.00 
 128   29  981  599 2.86 
 128   29  981  656 3.71 
 128   86  811  599 3.14 
 128   86  811  656 2.86 
 128   86  896  542 2.29 
 128   86  896  599 3.29 
 128   86  896  656 2.86 
 128   86  981  542 2.14 
 128   86  981  599 3.00 
 128   86  981  656 2.86 
 128  143  811  656 1.71 
 128  143  896  599 2.00 
 128  143  896  656 1.86 
 128  143  981  599 2.29 
 128  143  981  656 2.29 
 128  200  896  656 1.71 
 128  200  981  656 1.71 
 213   29  811  656 1.86 
 213   29  896  542 1.57 
 213   29  896  599 1.71 
 213   29  896  656 1.57 
 213   29  981  485 1.43 
 213   29  981  542 1.29 
 213   29  981  599 1.57 
 213   29  981  656 1.86 
 213   86  896  599 1.57 
 213   86  896  656 1.86 
 213   86  981  542 1.29 
 213   86  981  599 1.57 
 213   86  981  656 1.43 
 213  143  896  656 1.43 
 213  143  981  599 1.29 
 213  143  981  656 1.43 
 213  200  981  656 1.57 
 299   29  896  656 1.14 
 299   29  981  542 1.00 
 299   29  981  599 1.29 
 299   29  981  656 1.43 
 299   86  981  599 1.29 
 299   86  981  656 1.14 
 299  143  981  656 1.14 
