  26   43  438  811 3.00 
  26   43  438  896 3.57 
  26   43  438  981 -2.00 
  26   43  489  725 2.43 
  26   43  489  811 2.86 
  26   43  489  896 3.57 
  26   43  489  981 3.57 
  26   43  541  725 2.29 
  26   43  541  811 3.00 
  26   43  541  896 4.14 
  26   43  541  981 3.71 
  26   43  592  725 2.43 
  26   43  592  811 3.00 
  26   43  592  896 4.57 
  26   43  592  981 4.14 
  26  128  438  896 3.71 
  26  128  438  981 3.14 
  26  128  489  811 3.14 
  26  128  489  896 3.57 
  26  128  489  981 3.29 
  26  128  541  811 3.43 
  26  128  541  896 4.43 
  26  128  541  981 3.29 
  26  128  592  725 2.43 
  26  128  592  811 3.43 
  26  128  592  896 4.86 
  26  128  592  981 3.29 
  26  213  438  981 3.00 
  26  213  489  896 3.29 
  26  213  489  981 3.00 
  26  213  541  896 3.43 
  26  213  541  981 3.00 
  26  213  592  811 4.43 
  26  213  592  896 3.71 
  26  213  592  981 3.14 
  26  299  489  981 3.00 
  26  299  541  981 3.00 
  26  299  592  896 3.14 
  26  299  592  981 3.00 
  77   43  438  981 -2.00 
  77   43  489  811 3.00 
  77   43  489  896 4.86 
  77   43  489  981 -2.00 
  77   43  541  725 2.43 
  77   43  541  811 3.00 
  77   43  541  896 4.57 
  77   43  541  981 3.71 
  77   43  592  725 2.43 
  77   43  592  811 3.00 
  77   43  592  896 4.29 
  77   43  592  981 3.86 
  77  128  489  896 4.43 
  77  128  489  981 3.43 
  77  128  541  811 3.43 
  77  128  541  896 4.71 
  77  128  541  981 3.29 
  77  128  592  811 3.43 
  77  128  592  896 4.57 
  77  128  592  981 3.29 
  77  213  489  981 3.00 
  77  213  541  896 4.14 
  77  213  541  981 3.00 
  77  213  592  896 3.86 
  77  213  592  981 3.14 
  77  299  541  981 3.00 
  77  299  592  981 3.00 
 129   43  489  981 -2.00 
 129   43  541  811 2.86 
 129   43  541  896 3.57 
 129   43  541  981 -2.00 
 129   43  592  725 2.43 
 129   43  592  811 2.86 
 129   43  592  896 3.29 
 129   43  592  981 3.29 
 129  128  541  896 3.57 
 129  128  541  981 3.14 
 129  128  592  811 3.29 
 129  128  592  896 3.29 
 129  128  592  981 3.00 
 129  213  541  981 3.00 
 129  213  592  896 3.29 
 129  213  592  981 3.00 
 129  299  592  981 3.00 
 180   43  541  981 -2.00 
 180   43  592  811 2.14 
 180   43  592  896 2.14 
 180   43  592  981 -2.00 
 180  128  592  896 2.29 
 180  128  592  981 2.14 
 180  213  592  981 2.14 
