  31   43  528  811 3.14 
  31   43  528  896 3.29 
  31   43  528  981 3.00 
  31   43  590  725 2.00 
  31   43  590  811 3.43 
  31   43  590  896 4.43 
  31   43  590  981 4.43 
  31   43  652  725 2.14 
  31   43  652  811 3.14 
  31   43  652  896 4.71 
  31   43  652  981 4.43 
  31   43  714  725 2.00 
  31   43  714  811 3.14 
  31   43  714  896 4.00 
  31   43  714  981 4.14 
  31  128  528  896 3.00 
  31  128  528  981 2.86 
  31  128  590  811 3.57 
  31  128  590  896 3.57 
  31  128  590  981 3.57 
  31  128  652  811 4.00 
  31  128  652  896 3.43 
  31  128  652  981 3.14 
  31  128  714  725 2.14 
  31  128  714  811 4.43 
  31  128  714  896 3.71 
  31  128  714  981 3.00 
  31  213  528  981 2.71 
  31  213  590  896 1.86 
  31  213  590  981 2.00 
  31  213  652  896 1.86 
  31  213  652  981 1.71 
  31  213  714  811 2.00 
  31  213  714  896 1.86 
  31  213  714  981 1.57 
  31  299  590  981 1.14 
  31  299  652  981 1.29 
  31  299  714  896 1.57 
  31  299  714  981 1.43 
  93   43  528  981 3.00 
  93   43  590  811 3.43 
  93   43  590  896 3.86 
  93   43  590  981 4.14 
  93   43  652  725 2.00 
  93   43  652  811 3.43 
  93   43  652  896 4.43 
  93   43  652  981 4.43 
  93   43  714  725 2.00 
  93   43  714  811 3.14 
  93   43  714  896 4.00 
  93   43  714  981 4.86 
  93  128  590  896 4.00 
  93  128  590  981 3.43 
  93  128  652  811 4.14 
  93  128  652  896 3.57 
  93  128  652  981 3.14 
  93  128  714  811 4.00 
  93  128  714  896 3.29 
  93  128  714  981 3.29 
  93  213  590  981 2.29 
  93  213  652  896 1.86 
  93  213  652  981 1.86 
  93  213  714  896 1.86 
  93  213  714  981 1.86 
  93  299  652  981 1.43 
  93  299  714  981 1.57 
 155   43  590  981 4.57 
 155   43  652  811 3.43 
 155   43  652  896 3.86 
 155   43  652  981 3.57 
 155   43  714  725 2.00 
 155   43  714  811 2.86 
 155   43  714  896 3.43 
 155   43  714  981 4.00 
 155  128  652  896 4.00 
 155  128  652  981 3.14 
 155  128  714  811 3.43 
 155  128  714  896 3.00 
 155  128  714  981 3.43 
 155  213  652  981 2.14 
 155  213  714  896 2.00 
 155  213  714  981 1.86 
 155  299  714  981 1.57 
 217   43  652  981 3.29 
 217   43  714  811 2.86 
 217   43  714  896 3.14 
 217   43  714  981 3.29 
 217  128  714  896 3.29 
 217  128  714  981 2.86 
 217  213  714  981 2.29 
