  43   28  725  532 2.86 
  43   28  725  588 3.71 
  43   28  725  644 3.43 
  43   28  811  476 3.29 
  43   28  811  532 3.43 
  43   28  811  588 4.00 
  43   28  811  644 4.00 
  43   28  896  476 3.29 
  43   28  896  532 3.86 
  43   28  896  588 4.43 
  43   28  896  644 4.00 
  43   28  981  476 -2.00 
  43   28  981  532 3.43 
  43   28  981  588 4.00 
  43   28  981  644 4.29 
  43   84  725  588 3.29 
  43   84  725  644 3.00 
  43   84  811  532 3.86 
  43   84  811  588 3.71 
  43   84  811  644 3.86 
  43   84  896  532 3.71 
  43   84  896  588 4.29 
  43   84  896  644 4.14 
  43   84  981  476 -2.00 
  43   84  981  532 -2.00 
  43   84  981  588 3.71 
  43   84  981  644 4.14 
  43  140  725  644 2.86 
  43  140  811  588 3.71 
  43  140  811  644 3.29 
  43  140  896  588 3.57 
  43  140  896  644 3.43 
  43  140  981  532 -2.00 
  43  140  981  588 -2.00 
  43  140  981  644 3.43 
  43  196  811  644 2.43 
  43  196  896  644 2.71 
  43  196  981  588 -2.00 
  43  196  981  644 -2.00 
 128   28  725  644 3.71 
 128   28  811  532 3.29 
 128   28  811  588 3.71 
 128   28  811  644 4.29 
 128   28  896  476 3.29 
 128   28  896  532 3.71 
 128   28  896  588 3.86 
 128   28  896  644 3.86 
 128   28  981  476 2.86 
 128   28  981  532 3.14 
 128   28  981  588 3.43 
 128   28  981  644 3.29 
 128   84  811  588 3.71 
 128   84  811  644 3.86 
 128   84  896  532 4.00 
 128   84  896  588 3.71 
 128   84  896  644 3.57 
 128   84  981  532 3.43 
 128   84  981  588 3.29 
 128   84  981  644 3.57 
 128  140  811  644 3.57 
 128  140  896  588 3.43 
 128  140  896  644 3.57 
 128  140  981  588 3.43 
 128  140  981  644 3.00 
 128  196  896  644 2.57 
 128  196  981  644 2.57 
 213   28  811  644 4.14 
 213   28  896  532 3.29 
 213   28  896  588 3.29 
 213   28  896  644 3.57 
 213   28  981  476 3.00 
 213   28  981  532 3.14 
 213   28  981  588 3.14 
 213   28  981  644 3.29 
 213   84  896  588 3.29 
 213   84  896  644 3.43 
 213   84  981  532 3.14 
 213   84  981  588 3.00 
 213   84  981  644 3.14 
 213  140  896  644 3.29 
 213  140  981  588 3.14 
 213  140  981  644 3.00 
 213  196  981  644 2.43 
 299   28  896  644 3.14 
 299   28  981  532 3.00 
 299   28  981  588 3.14 
 299   28  981  644 3.00 
 299   84  981  588 3.14 
 299   84  981  644 3.00 
 299  140  981  644 3.00 
