  27   43  465  811 2.29 
  27   43  465  896 2.57 
  27   43  465  981 2.14 
  27   43  520  725 1.43 
  27   43  520  811 2.57 
  27   43  520  896 2.71 
  27   43  520  981 3.00 
  27   43  575  725 1.29 
  27   43  575  811 2.57 
  27   43  575  896 3.00 
  27   43  575  981 3.29 
  27   43  630  725 1.29 
  27   43  630  811 2.43 
  27   43  630  896 3.14 
  27   43  630  981 3.29 
  27  128  465  896 2.57 
  27  128  465  981 2.86 
  27  128  520  811 2.57 
  27  128  520  896 2.86 
  27  128  520  981 3.00 
  27  128  575  811 2.43 
  27  128  575  896 3.14 
  27  128  575  981 3.29 
  27  128  630  725 1.29 
  27  128  630  811 2.57 
  27  128  630  896 3.29 
  27  128  630  981 3.57 
  27  213  465  981 2.43 
  27  213  520  896 2.71 
  27  213  520  981 2.71 
  27  213  575  896 3.00 
  27  213  575  981 2.86 
  27  213  630  811 2.57 
  27  213  630  896 3.14 
  27  213  630  981 3.14 
  27  299  520  981 2.00 
  27  299  575  981 1.71 
  27  299  630  896 1.71 
  27  299  630  981 1.71 
  82   43  465  981 -2.00 
  82   43  520  811 2.57 
  82   43  520  896 2.86 
  82   43  520  981 3.00 
  82   43  575  725 1.29 
  82   43  575  811 2.43 
  82   43  575  896 3.14 
  82   43  575  981 3.71 
  82   43  630  725 1.29 
  82   43  630  811 2.71 
  82   43  630  896 3.00 
  82   43  630  981 3.29 
  82  128  520  896 2.86 
  82  128  520  981 2.71 
  82  128  575  811 2.43 
  82  128  575  896 3.14 
  82  128  575  981 3.57 
  82  128  630  811 2.43 
  82  128  630  896 3.71 
  82  128  630  981 3.86 
  82  213  520  981 2.71 
  82  213  575  896 3.00 
  82  213  575  981 2.86 
  82  213  630  896 3.57 
  82  213  630  981 2.86 
  82  299  575  981 1.86 
  82  299  630  981 1.71 
 137   43  520  981 -2.00 
 137   43  575  811 2.43 
 137   43  575  896 3.14 
 137   43  575  981 4.14 
 137   43  630  725 1.29 
 137   43  630  811 2.57 
 137   43  630  896 3.00 
 137   43  630  981 4.00 
 137  128  575  896 4.00 
 137  128  575  981 4.00 
 137  128  630  811 2.43 
 137  128  630  896 3.57 
 137  128  630  981 4.43 
 137  213  575  981 3.14 
 137  213  630  896 3.29 
 137  213  630  981 3.29 
 137  299  630  981 1.86 
 192   43  575  981 -2.00 
 192   43  630  811 2.57 
 192   43  630  896 3.00 
 192   43  630  981 3.57 
 192  128  630  896 3.43 
 192  128  630  981 4.00 
 192  213  630  981 3.00 
