  43   26  725  502 4.43 
  43   26  725  555 4.29 
  43   26  725  608 3.43 
  43   26  811  449 3.00 
  43   26  811  502 3.14 
  43   26  811  555 3.29 
  43   26  811  608 3.00 
  43   26  896  449 -2.00 
  43   26  896  502 3.00 
  43   26  896  555 3.00 
  43   26  896  608 3.00 
  43   26  981  449 -2.00 
  43   26  981  502 3.00 
  43   26  981  555 3.00 
  43   26  981  608 3.00 
  43   79  725  555 4.00 
  43   79  725  608 3.14 
  43   79  811  502 3.00 
  43   79  811  555 3.14 
  43   79  811  608 3.00 
  43   79  896  502 -2.00 
  43   79  896  555 3.00 
  43   79  896  608 3.00 
  43   79  981  449 -2.00 
  43   79  981  502 -2.00 
  43   79  981  555 3.00 
  43   79  981  608 3.14 
  43  132  725  608 3.00 
  43  132  811  555 3.00 
  43  132  811  608 3.00 
  43  132  896  555 -2.00 
  43  132  896  608 3.00 
  43  132  981  502 -2.00 
  43  132  981  555 -2.00 
  43  132  981  608 3.00 
  43  185  811  608 3.00 
  43  185  896  608 -2.00 
  43  185  981  555 -2.00 
  43  185  981  608 -2.00 
 128   26  725  608 3.14 
 128   26  811  502 3.00 
 128   26  811  555 3.00 
 128   26  811  608 3.00 
 128   26  896  449 3.00 
 128   26  896  502 3.00 
 128   26  896  555 3.14 
 128   26  896  608 3.00 
 128   26  981  449 -2.00 
 128   26  981  502 3.29 
 128   26  981  555 3.14 
 128   26  981  608 3.29 
 128   79  811  555 3.00 
 128   79  811  608 3.14 
 128   79  896  502 3.00 
 128   79  896  555 3.00 
 128   79  896  608 3.00 
 128   79  981  502 -2.00 
 128   79  981  555 3.14 
 128   79  981  608 3.00 
 128  132  811  608 3.00 
 128  132  896  555 3.00 
 128  132  896  608 3.00 
 128  132  981  555 -2.00 
 128  132  981  608 3.00 
 128  185  896  608 3.00 
 128  185  981  608 -2.00 
 213   26  811  608 3.00 
 213   26  896  502 3.43 
 213   26  896  555 3.43 
 213   26  896  608 3.14 
 213   26  981  449 3.00 
 213   26  981  502 3.86 
 213   26  981  555 4.14 
 213   26  981  608 3.29 
 213   79  896  555 3.43 
 213   79  896  608 3.14 
 213   79  981  502 4.29 
 213   79  981  555 3.57 
 213   79  981  608 3.00 
 213  132  896  608 3.00 
 213  132  981  555 3.14 
 213  132  981  608 3.00 
 213  185  981  608 3.43 
 299   26  896  608 3.14 
 299   26  981  502 3.29 
 299   26  981  555 3.43 
 299   26  981  608 3.14 
 299   79  981  555 3.29 
 299   79  981  608 3.00 
 299  132  981  608 3.00 
