  25   43  419  811 2.57 
  25   43  419  896 2.57 
  25   43  419  981 -2.00 
  25   43  469  725 4.14 
  25   43  469  811 3.29 
  25   43  469  896 3.14 
  25   43  469  981 3.00 
  25   43  518  725 4.29 
  25   43  518  811 3.43 
  25   43  518  896 3.14 
  25   43  518  981 3.14 
  25   43  567  725 4.14 
  25   43  567  811 3.29 
  25   43  567  896 3.00 
  25   43  567  981 3.14 
  25  128  419  896 2.29 
  25  128  419  981 2.14 
  25  128  469  811 2.57 
  25  128  469  896 2.57 
  25  128  469  981 2.43 
  25  128  518  811 2.57 
  25  128  518  896 2.57 
  25  128  518  981 2.57 
  25  128  567  725 2.71 
  25  128  567  811 2.71 
  25  128  567  896 2.57 
  25  128  567  981 2.57 
  25  213  419  981 1.43 
  25  213  469  896 1.43 
  25  213  469  981 1.57 
  25  213  518  896 1.57 
  25  213  518  981 1.43 
  25  213  567  811 1.57 
  25  213  567  896 1.57 
  25  213  567  981 1.57 
  25  299  469  981 1.71 
  25  299  518  981 1.71 
  25  299  567  896 1.71 
  25  299  567  981 1.71 
  74   43  419  981 -2.00 
  74   43  469  811 3.29 
  74   43  469  896 3.00 
  74   43  469  981 -2.00 
  74   43  518  725 4.00 
  74   43  518  811 3.43 
  74   43  518  896 3.14 
  74   43  518  981 3.14 
  74   43  567  725 3.86 
  74   43  567  811 3.14 
  74   43  567  896 3.00 
  74   43  567  981 3.00 
  74  128  469  896 2.57 
  74  128  469  981 2.57 
  74  128  518  811 2.71 
  74  128  518  896 2.57 
  74  128  518  981 2.57 
  74  128  567  811 2.71 
  74  128  567  896 2.29 
  74  128  567  981 2.57 
  74  213  469  981 1.57 
  74  213  518  896 1.57 
  74  213  518  981 1.43 
  74  213  567  896 1.43 
  74  213  567  981 1.43 
  74  299  518  981 1.71 
  74  299  567  981 1.71 
 123   43  469  981 -2.00 
 123   43  518  811 3.14 
 123   43  518  896 3.00 
 123   43  518  981 -2.00 
 123   43  567  725 3.00 
 123   43  567  811 3.00 
 123   43  567  896 3.00 
 123   43  567  981 3.00 
 123  128  518  896 2.57 
 123  128  518  981 2.57 
 123  128  567  811 2.57 
 123  128  567  896 2.57 
 123  128  567  981 2.57 
 123  213  518  981 1.57 
 123  213  567  896 1.29 
 123  213  567  981 1.57 
 123  299  567  981 1.71 
 173   43  518  981 -2.00 
 173   43  567  811 2.43 
 173   43  567  896 2.57 
 173   43  567  981 -2.00 
 173  128  567  896 2.29 
 173  128  567  981 2.43 
 173  213  567  981 1.43 
