  43   32  725  604 3.14 
  43   32  725  668 3.43 
  43   32  725  731 4.00 
  43   32  811  540 3.00 
  43   32  811  604 3.00 
  43   32  811  668 3.14 
  43   32  811  731 3.57 
  43   32  896  540 3.00 
  43   32  896  604 3.00 
  43   32  896  668 3.14 
  43   32  896  731 3.14 
  43   32  981  540 3.00 
  43   32  981  604 3.00 
  43   32  981  668 3.00 
  43   32  981  731 3.00 
  43   95  725  668 4.14 
  43   95  725  731 3.86 
  43   95  811  604 3.29 
  43   95  811  668 3.57 
  43   95  811  731 3.57 
  43   95  896  604 3.00 
  43   95  896  668 3.29 
  43   95  896  731 3.14 
  43   95  981  540 -2.00 
  43   95  981  604 3.00 
  43   95  981  668 3.14 
  43   95  981  731 3.14 
  43  159  725  731 3.14 
  43  159  811  668 3.43 
  43  159  811  731 3.14 
  43  159  896  668 3.29 
  43  159  896  731 3.00 
  43  159  981  604 -2.00 
  43  159  981  668 3.29 
  43  159  981  731 3.14 
  43  223  811  731 2.29 
  43  223  896  731 2.29 
  43  223  981  668 -2.00 
  43  223  981  731 2.29 
 128   32  725  731 4.00 
 128   32  811  604 3.00 
 128   32  811  668 3.14 
 128   32  811  731 3.43 
 128   32  896  540 3.00 
 128   32  896  604 3.00 
 128   32  896  668 3.00 
 128   32  896  731 3.29 
 128   32  981  540 3.00 
 128   32  981  604 3.00 
 128   32  981  668 3.00 
 128   32  981  731 3.29 
 128   95  811  668 3.29 
 128   95  811  731 3.29 
 128   95  896  604 3.14 
 128   95  896  668 3.14 
 128   95  896  731 3.14 
 128   95  981  604 3.00 
 128   95  981  668 3.29 
 128   95  981  731 3.57 
 128  159  811  731 3.00 
 128  159  896  668 3.29 
 128  159  896  731 3.00 
 128  159  981  668 3.43 
 128  159  981  731 3.14 
 128  223  896  731 2.29 
 128  223  981  731 2.29 
 213   32  811  731 3.43 
 213   32  896  604 3.00 
 213   32  896  668 3.14 
 213   32  896  731 3.57 
 213   32  981  540 3.29 
 213   32  981  604 3.00 
 213   32  981  668 3.29 
 213   32  981  731 3.57 
 213   95  896  668 3.71 
 213   95  896  731 3.71 
 213   95  981  604 3.43 
 213   95  981  668 4.00 
 213   95  981  731 3.71 
 213  159  896  731 3.29 
 213  159  981  668 3.43 
 213  159  981  731 3.14 
 213  223  981  731 2.29 
 299   32  896  731 3.86 
 299   32  981  604 3.00 
 299   32  981  668 3.14 
 299   32  981  731 3.57 
 299   95  981  668 3.71 
 299   95  981  731 3.57 
 299  159  981  731 3.14 
