  27   35  451  672 3.29 
  27   35  451  743 3.71 
  27   35  451  814 4.14 
  27   35  504  601 3.00 
  27   35  504  672 3.14 
  27   35  504  743 3.29 
  27   35  504  814 3.14 
  27   35  557  601 3.00 
  27   35  557  672 3.14 
  27   35  557  743 3.14 
  27   35  557  814 3.14 
  27   35  610  601 3.00 
  27   35  610  672 3.14 
  27   35  610  743 3.14 
  27   35  610  814 3.14 
  27  106  451  743 4.00 
  27  106  451  814 4.43 
  27  106  504  672 3.29 
  27  106  504  743 3.29 
  27  106  504  814 3.14 
  27  106  557  672 3.14 
  27  106  557  743 3.14 
  27  106  557  814 3.29 
  27  106  610  601 3.00 
  27  106  610  672 3.14 
  27  106  610  743 3.14 
  27  106  610  814 3.14 
  27  177  451  814 2.57 
  27  177  504  743 2.57 
  27  177  504  814 2.57 
  27  177  557  743 2.71 
  27  177  557  814 2.71 
  27  177  610  672 2.57 
  27  177  610  743 2.71 
  27  177  610  814 2.43 
  27  248  504  814 1.86 
  27  248  557  814 1.86 
  27  248  610  743 1.86 
  27  248  610  814 2.00 
  80   35  451  814 3.71 
  80   35  504  672 3.14 
  80   35  504  743 3.14 
  80   35  504  814 3.14 
  80   35  557  601 3.00 
  80   35  557  672 3.14 
  80   35  557  743 3.14 
  80   35  557  814 3.14 
  80   35  610  601 3.14 
  80   35  610  672 3.29 
  80   35  610  743 3.43 
  80   35  610  814 3.29 
  80  106  504  743 3.14 
  80  106  504  814 3.14 
  80  106  557  672 3.14 
  80  106  557  743 3.29 
  80  106  557  814 3.14 
  80  106  610  672 3.29 
  80  106  610  743 3.43 
  80  106  610  814 3.29 
  80  177  504  814 2.57 
  80  177  557  743 2.57 
  80  177  557  814 2.57 
  80  177  610  743 2.71 
  80  177  610  814 2.57 
  80  248  557  814 1.86 
  80  248  610  814 2.00 
 133   35  504  814 3.29 
 133   35  557  672 3.29 
 133   35  557  743 3.14 
 133   35  557  814 3.43 
 133   35  610  601 3.14 
 133   35  610  672 3.43 
 133   35  610  743 3.57 
 133   35  610  814 3.43 
 133  106  557  743 3.71 
 133  106  557  814 3.43 
 133  106  610  672 3.43 
 133  106  610  743 3.71 
 133  106  610  814 3.57 
 133  177  557  814 2.57 
 133  177  610  743 2.57 
 133  177  610  814 2.71 
 133  248  610  814 1.86 
 186   35  557  814 3.29 
 186   35  610  672 3.00 
 186   35  610  743 3.14 
 186   35  610  814 3.29 
 186  106  610  743 3.29 
 186  106  610  814 3.29 
 186  177  610  814 2.43 
