  34   43  570  811 2.57 
  34   43  570  896 2.71 
  34   43  570  981 2.71 
  34   43  637  725 1.43 
  34   43  637  811 2.57 
  34   43  637  896 2.71 
  34   43  637  981 3.00 
  34   43  704  725 1.43 
  34   43  704  811 2.57 
  34   43  704  896 3.14 
  34   43  704  981 3.14 
  34   43  771  725 1.57 
  34   43  771  811 2.57 
  34   43  771  896 3.57 
  34   43  771  981 3.71 
  34  128  570  896 3.00 
  34  128  570  981 2.71 
  34  128  637  811 3.00 
  34  128  637  896 2.86 
  34  128  637  981 3.14 
  34  128  704  811 2.71 
  34  128  704  896 3.43 
  34  128  704  981 3.29 
  34  128  771  725 1.57 
  34  128  771  811 3.00 
  34  128  771  896 3.57 
  34  128  771  981 3.57 
  34  213  570  981 3.57 
  34  213  637  896 3.14 
  34  213  637  981 3.43 
  34  213  704  896 4.00 
  34  213  704  981 3.86 
  34  213  771  811 2.86 
  34  213  771  896 3.71 
  34  213  771  981 3.57 
  34  299  637  981 3.57 
  34  299  704  981 3.86 
  34  299  771  896 4.14 
  34  299  771  981 3.86 
 101   43  570  981 2.71 
 101   43  637  811 2.57 
 101   43  637  896 3.00 
 101   43  637  981 3.14 
 101   43  704  725 1.43 
 101   43  704  811 2.57 
 101   43  704  896 3.00 
 101   43  704  981 3.29 
 101   43  771  725 1.86 
 101   43  771  811 2.57 
 101   43  771  896 2.86 
 101   43  771  981 3.14 
 101  128  637  896 3.14 
 101  128  637  981 3.14 
 101  128  704  811 2.71 
 101  128  704  896 3.71 
 101  128  704  981 3.71 
 101  128  771  811 2.71 
 101  128  771  896 3.43 
 101  128  771  981 3.29 
 101  213  637  981 3.43 
 101  213  704  896 3.86 
 101  213  704  981 3.71 
 101  213  771  896 3.57 
 101  213  771  981 3.86 
 101  299  704  981 4.00 
 101  299  771  981 4.14 
 168   43  637  981 3.14 
 168   43  704  811 2.57 
 168   43  704  896 3.29 
 168   43  704  981 3.43 
 168   43  771  725 1.86 
 168   43  771  811 2.57 
 168   43  771  896 2.71 
 168   43  771  981 3.29 
 168  128  704  896 2.86 
 168  128  704  981 3.43 
 168  128  771  811 2.86 
 168  128  771  896 3.43 
 168  128  771  981 3.29 
 168  213  704  981 3.43 
 168  213  771  896 3.57 
 168  213  771  981 3.86 
 168  299  771  981 3.86 
 235   43  704  981 2.86 
 235   43  771  811 2.57 
 235   43  771  896 2.71 
 235   43  771  981 2.71 
 235  128  771  896 3.14 
 235  128  771  981 2.86 
 235  213  771  981 3.14 
