  43   38  725  718 1.43 
  43   38  725  794 2.57 
  43   38  725  869 3.14 
  43   38  811  642 1.14 
  43   38  811  718 1.43 
  43   38  811  794 2.57 
  43   38  811  869 3.43 
  43   38  896  642 1.00 
  43   38  896  718 1.43 
  43   38  896  794 2.57 
  43   38  896  869 3.14 
  43   38  981  642 1.00 
  43   38  981  718 1.57 
  43   38  981  794 2.57 
  43   38  981  869 3.14 
  43  113  725  794 2.43 
  43  113  725  869 2.86 
  43  113  811  718 1.57 
  43  113  811  794 2.57 
  43  113  811  869 3.71 
  43  113  896  718 1.57 
  43  113  896  794 2.57 
  43  113  896  869 3.29 
  43  113  981  642 1.00 
  43  113  981  718 1.57 
  43  113  981  794 2.57 
  43  113  981  869 3.43 
  43  189  725  869 3.29 
  43  189  811  794 2.57 
  43  189  811  869 3.86 
  43  189  896  794 2.71 
  43  189  896  869 3.57 
  43  189  981  718 1.57 
  43  189  981  794 2.71 
  43  189  981  869 3.14 
  43  265  811  869 3.86 
  43  265  896  869 3.57 
  43  265  981  794 3.00 
  43  265  981  869 3.29 
 128   38  725  869 3.29 
 128   38  811  718 1.43 
 128   38  811  794 2.71 
 128   38  811  869 3.14 
 128   38  896  642 1.00 
 128   38  896  718 1.43 
 128   38  896  794 2.57 
 128   38  896  869 3.29 
 128   38  981  642 1.00 
 128   38  981  718 1.43 
 128   38  981  794 2.57 
 128   38  981  869 3.00 
 128  113  811  794 2.71 
 128  113  811  869 3.29 
 128  113  896  718 1.43 
 128  113  896  794 2.71 
 128  113  896  869 3.14 
 128  113  981  718 1.57 
 128  113  981  794 2.57 
 128  113  981  869 3.14 
 128  189  811  869 3.57 
 128  189  896  794 2.57 
 128  189  896  869 3.43 
 128  189  981  794 2.71 
 128  189  981  869 3.43 
 128  265  896  869 3.14 
 128  265  981  869 3.43 
 213   38  811  869 3.14 
 213   38  896  718 1.43 
 213   38  896  794 2.86 
 213   38  896  869 3.43 
 213   38  981  642 1.00 
 213   38  981  718 1.43 
 213   38  981  794 2.57 
 213   38  981  869 3.43 
 213  113  896  794 2.71 
 213  113  896  869 3.43 
 213  113  981  718 1.43 
 213  113  981  794 2.57 
 213  113  981  869 3.43 
 213  189  896  869 3.43 
 213  189  981  794 2.71 
 213  189  981  869 3.71 
 213  265  981  869 3.71 
 299   38  896  869 3.57 
 299   38  981  718 1.43 
 299   38  981  794 2.57 
 299   38  981  869 3.43 
 299  113  981  794 2.71 
 299  113  981  869 3.86 
 299  189  981  869 4.14 
