  40   43  676  811 2.29 
  40   43  676  896 2.71 
  40   43  676  981 3.43 
  40   43  756  725 2.14 
  40   43  756  811 2.71 
  40   43  756  896 3.14 
  40   43  756  981 3.71 
  40   43  836  725 2.14 
  40   43  836  811 2.57 
  40   43  836  896 3.00 
  40   43  836  981 3.57 
  40   43  915  725 2.14 
  40   43  915  811 2.71 
  40   43  915  896 3.14 
  40   43  915  981 3.71 
  40  128  676  896 3.00 
  40  128  676  981 3.71 
  40  128  756  811 2.57 
  40  128  756  896 3.00 
  40  128  756  981 4.29 
  40  128  836  811 2.71 
  40  128  836  896 3.14 
  40  128  836  981 4.14 
  40  128  915  725 2.14 
  40  128  915  811 2.86 
  40  128  915  896 3.29 
  40  128  915  981 3.86 
  40  213  676  981 3.29 
  40  213  756  896 3.57 
  40  213  756  981 3.57 
  40  213  836  896 3.71 
  40  213  836  981 3.29 
  40  213  915  811 2.86 
  40  213  915  896 3.43 
  40  213  915  981 3.86 
  40  299  756  981 3.14 
  40  299  836  981 3.00 
  40  299  915  896 4.00 
  40  299  915  981 3.00 
 119   43  676  981 3.57 
 119   43  756  811 2.57 
 119   43  756  896 3.00 
 119   43  756  981 3.86 
 119   43  836  725 2.14 
 119   43  836  811 2.71 
 119   43  836  896 3.00 
 119   43  836  981 3.71 
 119   43  915  725 2.14 
 119   43  915  811 2.71 
 119   43  915  896 3.00 
 119   43  915  981 4.00 
 119  128  756  896 3.14 
 119  128  756  981 4.29 
 119  128  836  811 2.71 
 119  128  836  896 3.00 
 119  128  836  981 4.00 
 119  128  915  811 2.71 
 119  128  915  896 3.29 
 119  128  915  981 4.00 
 119  213  756  981 3.43 
 119  213  836  896 3.57 
 119  213  836  981 3.57 
 119  213  915  896 3.57 
 119  213  915  981 3.43 
 119  299  836  981 3.14 
 119  299  915  981 3.00 
 199   43  756  981 3.86 
 199   43  836  811 2.71 
 199   43  836  896 3.00 
 199   43  836  981 3.86 
 199   43  915  725 2.14 
 199   43  915  811 2.57 
 199   43  915  896 3.00 
 199   43  915  981 3.57 
 199  128  836  896 3.29 
 199  128  836  981 4.43 
 199  128  915  811 2.71 
 199  128  915  896 3.14 
 199  128  915  981 4.00 
 199  213  836  981 3.71 
 199  213  915  896 3.43 
 199  213  915  981 3.29 
 199  299  915  981 3.14 
 279   43  836  981 3.43 
 279   43  915  811 2.71 
 279   43  915  896 3.00 
 279   43  915  981 3.43 
 279  128  915  896 3.00 
 279  128  915  981 3.71 
 279  213  915  981 3.14 
