  30   43  515  811 3.86 
  30   43  515  896 3.86 
  30   43  515  981 3.71 
  30   43  576  725 2.71 
  30   43  576  811 3.43 
  30   43  576  896 3.57 
  30   43  576  981 3.14 
  30   43  636  725 3.00 
  30   43  636  811 3.43 
  30   43  636  896 3.71 
  30   43  636  981 3.29 
  30   43  697  725 2.86 
  30   43  697  811 3.57 
  30   43  697  896 3.57 
  30   43  697  981 3.29 
  30  128  515  896 3.29 
  30  128  515  981 3.43 
  30  128  576  811 3.43 
  30  128  576  896 3.29 
  30  128  576  981 3.29 
  30  128  636  811 3.57 
  30  128  636  896 3.43 
  30  128  636  981 3.14 
  30  128  697  725 2.71 
  30  128  697  811 3.43 
  30  128  697  896 3.14 
  30  128  697  981 3.14 
  30  213  515  981 4.29 
  30  213  576  896 3.57 
  30  213  576  981 3.71 
  30  213  636  896 3.29 
  30  213  636  981 3.57 
  30  213  697  811 3.43 
  30  213  697  896 3.00 
  30  213  697  981 3.43 
  30  299  576  981 3.57 
  30  299  636  981 3.43 
  30  299  697  896 3.43 
  30  299  697  981 3.29 
  91   43  515  981 -2.00 
  91   43  576  811 3.00 
  91   43  576  896 2.71 
  91   43  576  981 2.57 
  91   43  636  725 2.57 
  91   43  636  811 2.86 
  91   43  636  896 2.86 
  91   43  636  981 2.57 
  91   43  697  725 2.57 
  91   43  697  811 2.71 
  91   43  697  896 2.71 
  91   43  697  981 2.86 
  91  128  576  896 2.86 
  91  128  576  981 2.71 
  91  128  636  811 3.00 
  91  128  636  896 2.71 
  91  128  636  981 2.86 
  91  128  697  811 2.86 
  91  128  697  896 2.71 
  91  128  697  981 2.71 
  91  213  576  981 2.86 
  91  213  636  896 2.86 
  91  213  636  981 2.86 
  91  213  697  896 2.86 
  91  213  697  981 2.71 
  91  299  636  981 2.86 
  91  299  697  981 2.86 
 151   43  576  981 -2.00 
 151   43  636  811 1.43 
 151   43  636  896 1.43 
 151   43  636  981 1.43 
 151   43  697  725 1.43 
 151   43  697  811 1.43 
 151   43  697  896 1.43 
 151   43  697  981 1.43 
 151  128  636  896 1.43 
 151  128  636  981 1.43 
 151  128  697  811 1.43 
 151  128  697  896 1.43 
 151  128  697  981 1.43 
 151  213  636  981 1.43 
 151  213  697  896 1.43 
 151  213  697  981 1.43 
 151  299  697  981 1.43 
 212   43  636  981 -2.00 
 212   43  697  811 1.00 
 212   43  697  896 1.00 
 212   43  697  981 1.00 
 212  128  697  896 1.00 
 212  128  697  981 1.00 
 212  213  697  981 1.00 
