  30   43  504  811 1.00 
  30   43  504  896 1.00 
  30   43  504  981 1.14 
  30   43  563  725 1.14 
  30   43  563  811 1.29 
  30   43  563  896 1.14 
  30   43  563  981 1.14 
  30   43  622  725 2.29 
  30   43  622  811 2.14 
  30   43  622  896 2.14 
  30   43  622  981 2.14 
  30   43  681  725 3.00 
  30   43  681  811 3.29 
  30   43  681  896 3.00 
  30   43  681  981 3.14 
  30  128  504  896 1.00 
  30  128  504  981 1.00 
  30  128  563  811 1.29 
  30  128  563  896 1.29 
  30  128  563  981 1.29 
  30  128  622  811 2.14 
  30  128  622  896 2.14 
  30  128  622  981 2.14 
  30  128  681  725 3.00 
  30  128  681  811 3.29 
  30  128  681  896 2.86 
  30  128  681  981 3.00 
  30  213  504  981 1.00 
  30  213  563  896 1.29 
  30  213  563  981 1.29 
  30  213  622  896 2.14 
  30  213  622  981 2.00 
  30  213  681  811 3.00 
  30  213  681  896 3.14 
  30  213  681  981 3.00 
  30  299  563  981 1.29 
  30  299  622  981 2.14 
  30  299  681  896 3.00 
  30  299  681  981 2.71 
  89   43  504  981 -2.00 
  89   43  563  811 1.29 
  89   43  563  896 1.29 
  89   43  563  981 1.43 
  89   43  622  725 2.14 
  89   43  622  811 2.14 
  89   43  622  896 2.14 
  89   43  622  981 1.57 
  89   43  681  725 3.57 
  89   43  681  811 3.57 
  89   43  681  896 3.29 
  89   43  681  981 3.00 
  89  128  563  896 1.29 
  89  128  563  981 1.29 
  89  128  622  811 2.14 
  89  128  622  896 2.14 
  89  128  622  981 2.14 
  89  128  681  811 3.29 
  89  128  681  896 3.14 
  89  128  681  981 3.00 
  89  213  563  981 1.29 
  89  213  622  896 2.14 
  89  213  622  981 2.14 
  89  213  681  896 3.14 
  89  213  681  981 3.14 
  89  299  622  981 2.14 
  89  299  681  981 2.57 
 148   43  563  981 -2.00 
 148   43  622  811 2.14 
 148   43  622  896 2.00 
 148   43  622  981 2.00 
 148   43  681  725 3.86 
 148   43  681  811 3.86 
 148   43  681  896 3.14 
 148   43  681  981 2.86 
 148  128  622  896 2.00 
 148  128  622  981 2.00 
 148  128  681  811 3.14 
 148  128  681  896 3.14 
 148  128  681  981 3.00 
 148  213  622  981 2.00 
 148  213  681  896 3.29 
 148  213  681  981 3.71 
 148  299  681  981 2.71 
 207   43  622  981 -2.00 
 207   43  681  811 3.71 
 207   43  681  896 3.00 
 207   43  681  981 2.71 
 207  128  681  896 3.00 
 207  128  681  981 3.00 
 207  213  681  981 3.86 
