  43   31  725  591 2.71 
  43   31  725  654 3.00 
  43   31  725  716 3.43 
  43   31  811  529 1.57 
  43   31  811  591 2.86 
  43   31  811  654 3.43 
  43   31  811  716 3.86 
  43   31  896  529 1.71 
  43   31  896  591 2.43 
  43   31  896  654 3.43 
  43   31  896  716 4.29 
  43   31  981  529 1.71 
  43   31  981  591 2.71 
  43   31  981  654 3.43 
  43   31  981  716 4.14 
  43   93  725  654 2.86 
  43   93  725  716 3.29 
  43   93  811  591 2.57 
  43   93  811  654 3.57 
  43   93  811  716 3.86 
  43   93  896  591 2.86 
  43   93  896  654 3.43 
  43   93  896  716 3.71 
  43   93  981  529 -2.00 
  43   93  981  591 3.14 
  43   93  981  654 3.57 
  43   93  981  716 3.86 
  43  156  725  716 3.14 
  43  156  811  654 3.43 
  43  156  811  716 3.71 
  43  156  896  654 3.43 
  43  156  896  716 3.71 
  43  156  981  591 -2.00 
  43  156  981  654 3.71 
  43  156  981  716 3.86 
  43  218  811  716 3.43 
  43  218  896  716 3.71 
  43  218  981  654 -2.00 
  43  218  981  716 3.71 
 128   31  725  716 3.71 
 128   31  811  591 2.43 
 128   31  811  654 3.29 
 128   31  811  716 4.29 
 128   31  896  529 1.71 
 128   31  896  591 2.14 
 128   31  896  654 3.14 
 128   31  896  716 4.29 
 128   31  981  529 1.71 
 128   31  981  591 2.29 
 128   31  981  654 3.14 
 128   31  981  716 4.43 
 128   93  811  654 3.43 
 128   93  811  716 3.71 
 128   93  896  591 2.43 
 128   93  896  654 3.29 
 128   93  896  716 4.00 
 128   93  981  591 2.57 
 128   93  981  654 3.57 
 128   93  981  716 4.00 
 128  156  811  716 4.00 
 128  156  896  654 3.57 
 128  156  896  716 4.00 
 128  156  981  654 3.43 
 128  156  981  716 3.86 
 128  218  896  716 3.57 
 128  218  981  716 3.57 
 213   31  811  716 3.86 
 213   31  896  591 2.29 
 213   31  896  654 3.00 
 213   31  896  716 3.71 
 213   31  981  529 1.57 
 213   31  981  591 2.14 
 213   31  981  654 3.14 
 213   31  981  716 4.43 
 213   93  896  654 3.14 
 213   93  896  716 3.29 
 213   93  981  591 2.14 
 213   93  981  654 3.00 
 213   93  981  716 3.57 
 213  156  896  716 3.71 
 213  156  981  654 2.71 
 213  156  981  716 3.43 
 213  218  981  716 3.14 
 299   31  896  716 1.86 
 299   31  981  591 1.71 
 299   31  981  654 2.00 
 299   31  981  716 2.00 
 299   93  981  654 1.71 
 299   93  981  716 2.00 
 299  156  981  716 2.00 
