  33   43  568  811 2.86 
  33   43  568  896 2.86 
  33   43  568  981 3.14 
  33   43  635  725 3.00 
  33   43  635  811 3.00 
  33   43  635  896 3.14 
  33   43  635  981 3.57 
  33   43  702  725 3.00 
  33   43  702  811 3.00 
  33   43  702  896 3.29 
  33   43  702  981 3.86 
  33   43  769  725 3.00 
  33   43  769  811 3.00 
  33   43  769  896 3.14 
  33   43  769  981 3.86 
  33  128  568  896 3.43 
  33  128  568  981 3.29 
  33  128  635  811 3.43 
  33  128  635  896 3.71 
  33  128  635  981 3.71 
  33  128  702  811 3.57 
  33  128  702  896 4.57 
  33  128  702  981 4.29 
  33  128  769  725 3.14 
  33  128  769  811 3.57 
  33  128  769  896 4.57 
  33  128  769  981 4.29 
  33  213  568  981 2.71 
  33  213  635  896 2.86 
  33  213  635  981 2.71 
  33  213  702  896 3.14 
  33  213  702  981 2.71 
  33  213  769  811 4.14 
  33  213  769  896 3.14 
  33  213  769  981 2.86 
  33  299  635  981 2.14 
  33  299  702  981 2.14 
  33  299  769  896 2.29 
  33  299  769  981 2.14 
 100   43  568  981 3.57 
 100   43  635  811 3.00 
 100   43  635  896 3.14 
 100   43  635  981 3.86 
 100   43  702  725 3.00 
 100   43  702  811 3.00 
 100   43  702  896 3.29 
 100   43  702  981 3.57 
 100   43  769  725 3.00 
 100   43  769  811 3.00 
 100   43  769  896 3.14 
 100   43  769  981 3.57 
 100  128  635  896 4.43 
 100  128  635  981 4.43 
 100  128  702  811 3.57 
 100  128  702  896 4.43 
 100  128  702  981 4.29 
 100  128  769  811 3.43 
 100  128  769  896 3.71 
 100  128  769  981 3.57 
 100  213  635  981 2.86 
 100  213  702  896 3.14 
 100  213  702  981 2.86 
 100  213  769  896 3.14 
 100  213  769  981 2.86 
 100  299  702  981 2.29 
 100  299  769  981 2.29 
 167   43  635  981 3.57 
 167   43  702  811 3.00 
 167   43  702  896 3.14 
 167   43  702  981 3.43 
 167   43  769  725 2.86 
 167   43  769  811 3.00 
 167   43  769  896 3.14 
 167   43  769  981 3.00 
 167  128  702  896 3.71 
 167  128  702  981 3.57 
 167  128  769  811 3.14 
 167  128  769  896 3.00 
 167  128  769  981 3.14 
 167  213  702  981 2.71 
 167  213  769  896 2.71 
 167  213  769  981 2.71 
 167  299  769  981 2.14 
 234   43  702  981 2.29 
 234   43  769  811 2.14 
 234   43  769  896 2.14 
 234   43  769  981 2.43 
 234  128  769  896 2.29 
 234  128  769  981 2.14 
 234  213  769  981 2.14 
