  30   43  514  811 2.57 
  30   43  514  896 2.57 
  30   43  514  981 3.00 
  30   43  575  725 2.29 
  30   43  575  811 2.43 
  30   43  575  896 3.29 
  30   43  575  981 4.14 
  30   43  635  725 1.57 
  30   43  635  811 2.29 
  30   43  635  896 3.00 
  30   43  635  981 4.29 
  30   43  696  725 1.86 
  30   43  696  811 1.86 
  30   43  696  896 2.86 
  30   43  696  981 3.57 
  30  128  514  896 3.00 
  30  128  514  981 3.29 
  30  128  575  811 2.29 
  30  128  575  896 3.00 
  30  128  575  981 4.00 
  30  128  635  811 1.86 
  30  128  635  896 3.00 
  30  128  635  981 4.43 
  30  128  696  725 1.86 
  30  128  696  811 2.14 
  30  128  696  896 2.71 
  30  128  696  981 3.43 
  30  213  514  981 3.57 
  30  213  575  896 3.00 
  30  213  575  981 4.43 
  30  213  635  896 3.43 
  30  213  635  981 4.57 
  30  213  696  811 2.29 
  30  213  696  896 2.86 
  30  213  696  981 3.43 
  30  299  575  981 3.86 
  30  299  635  981 4.00 
  30  299  696  896 3.14 
  30  299  696  981 3.71 
  91   43  514  981 -2.00 
  91   43  575  811 2.86 
  91   43  575  896 3.14 
  91   43  575  981 4.57 
  91   43  635  725 1.29 
  91   43  635  811 2.43 
  91   43  635  896 3.14 
  91   43  635  981 4.14 
  91   43  696  725 1.57 
  91   43  696  811 2.29 
  91   43  696  896 2.71 
  91   43  696  981 3.57 
  91  128  575  896 3.14 
  91  128  575  981 4.14 
  91  128  635  811 2.00 
  91  128  635  896 3.71 
  91  128  635  981 4.57 
  91  128  696  811 2.14 
  91  128  696  896 2.86 
  91  128  696  981 3.43 
  91  213  575  981 4.29 
  91  213  635  896 3.00 
  91  213  635  981 4.43 
  91  213  696  896 3.00 
  91  213  696  981 3.43 
  91  299  635  981 3.86 
  91  299  696  981 3.14 
 151   43  575  981 -2.00 
 151   43  635  811 2.71 
 151   43  635  896 3.00 
 151   43  635  981 3.14 
 151   43  696  725 1.43 
 151   43  696  811 2.00 
 151   43  696  896 2.14 
 151   43  696  981 2.71 
 151  128  635  896 2.86 
 151  128  635  981 3.29 
 151  128  696  811 1.86 
 151  128  696  896 2.43 
 151  128  696  981 3.00 
 151  213  635  981 3.43 
 151  213  696  896 2.43 
 151  213  696  981 3.14 
 151  299  696  981 2.71 
 212   43  635  981 -2.00 
 212   43  696  811 2.29 
 212   43  696  896 2.29 
 212   43  696  981 2.57 
 212  128  696  896 2.29 
 212  128  696  981 2.57 
 212  213  696  981 2.57 
