  43   28  725  540 2.14 
  43   28  725  597 3.43 
  43   28  725  654 3.86 
  43   28  811  483 1.57 
  43   28  811  540 2.00 
  43   28  811  597 3.57 
  43   28  811  654 4.43 
  43   28  896  483 1.57 
  43   28  896  540 2.14 
  43   28  896  597 3.43 
  43   28  896  654 4.43 
  43   28  981  483 -2.00 
  43   28  981  540 2.00 
  43   28  981  597 3.43 
  43   28  981  654 4.00 
  43   85  725  597 3.86 
  43   85  725  654 3.71 
  43   85  811  540 2.00 
  43   85  811  597 4.29 
  43   85  811  654 3.86 
  43   85  896  540 2.00 
  43   85  896  597 4.00 
  43   85  896  654 3.86 
  43   85  981  483 -2.00 
  43   85  981  540 -2.00 
  43   85  981  597 3.86 
  43   85  981  654 3.71 
  43  142  725  654 3.43 
  43  142  811  597 4.29 
  43  142  811  654 3.14 
  43  142  896  597 4.29 
  43  142  896  654 3.14 
  43  142  981  540 -2.00 
  43  142  981  597 -2.00 
  43  142  981  654 3.43 
  43  199  811  654 3.00 
  43  199  896  654 3.14 
  43  199  981  597 -2.00 
  43  199  981  654 -2.00 
 128   28  725  654 4.00 
 128   28  811  540 2.29 
 128   28  811  597 3.29 
 128   28  811  654 4.29 
 128   28  896  483 1.57 
 128   28  896  540 2.00 
 128   28  896  597 3.14 
 128   28  896  654 4.00 
 128   28  981  483 1.57 
 128   28  981  540 2.00 
 128   28  981  597 3.29 
 128   28  981  654 3.57 
 128   85  811  597 4.14 
 128   85  811  654 3.86 
 128   85  896  540 2.14 
 128   85  896  597 3.57 
 128   85  896  654 3.57 
 128   85  981  540 2.29 
 128   85  981  597 3.29 
 128   85  981  654 3.14 
 128  142  811  654 3.14 
 128  142  896  597 3.86 
 128  142  896  654 3.14 
 128  142  981  597 3.43 
 128  142  981  654 3.14 
 128  199  896  654 3.00 
 128  199  981  654 3.00 
 213   28  811  654 3.43 
 213   28  896  540 2.00 
 213   28  896  597 3.00 
 213   28  896  654 3.14 
 213   28  981  483 1.57 
 213   28  981  540 2.00 
 213   28  981  597 2.86 
 213   28  981  654 2.86 
 213   85  896  597 2.86 
 213   85  896  654 3.14 
 213   85  981  540 2.00 
 213   85  981  597 2.86 
 213   85  981  654 2.71 
 213  142  896  654 3.14 
 213  142  981  597 2.86 
 213  142  981  654 2.86 
 213  199  981  654 2.71 
 299   28  896  654 1.29 
 299   28  981  540 1.29 
 299   28  981  597 1.29 
 299   28  981  654 1.29 
 299   85  981  597 1.29 
 299   85  981  654 1.29 
 299  142  981  654 1.29 
