  27   43  454  811 1.86 
  27   43  454  896 2.00 
  27   43  454  981 2.14 
  27   43  507  725 2.29 
  27   43  507  811 2.57 
  27   43  507  896 2.86 
  27   43  507  981 3.00 
  27   43  561  725 2.29 
  27   43  561  811 2.86 
  27   43  561  896 3.71 
  27   43  561  981 4.57 
  27   43  614  725 2.57 
  27   43  614  811 2.86 
  27   43  614  896 3.29 
  27   43  614  981 4.71 
  27  128  454  896 2.00 
  27  128  454  981 2.14 
  27  128  507  811 2.57 
  27  128  507  896 3.00 
  27  128  507  981 3.00 
  27  128  561  811 3.00 
  27  128  561  896 4.29 
  27  128  561  981 4.14 
  27  128  614  725 2.57 
  27  128  614  811 3.00 
  27  128  614  896 4.43 
  27  128  614  981 4.29 
  27  213  454  981 1.86 
  27  213  507  896 2.57 
  27  213  507  981 2.71 
  27  213  561  896 4.00 
  27  213  561  981 3.86 
  27  213  614  811 3.57 
  27  213  614  896 4.00 
  27  213  614  981 3.86 
  27  299  507  981 2.43 
  27  299  561  981 2.14 
  27  299  614  896 2.71 
  27  299  614  981 2.71 
  80   43  454  981 -2.00 
  80   43  507  811 2.57 
  80   43  507  896 2.86 
  80   43  507  981 3.00 
  80   43  561  725 2.57 
  80   43  561  811 2.86 
  80   43  561  896 3.71 
  80   43  561  981 4.71 
  80   43  614  725 2.57 
  80   43  614  811 2.57 
  80   43  614  896 3.71 
  80   43  614  981 4.86 
  80  128  507  896 3.00 
  80  128  507  981 3.43 
  80  128  561  811 3.00 
  80  128  561  896 4.29 
  80  128  561  981 4.43 
  80  128  614  811 2.86 
  80  128  614  896 4.29 
  80  128  614  981 4.43 
  80  213  507  981 2.57 
  80  213  561  896 4.43 
  80  213  561  981 3.71 
  80  213  614  896 4.43 
  80  213  614  981 3.71 
  80  299  561  981 2.57 
  80  299  614  981 2.86 
 134   43  507  981 -2.00 
 134   43  561  811 2.86 
 134   43  561  896 3.57 
 134   43  561  981 4.43 
 134   43  614  725 2.57 
 134   43  614  811 2.86 
 134   43  614  896 3.29 
 134   43  614  981 4.57 
 134  128  561  896 4.57 
 134  128  561  981 4.57 
 134  128  614  811 3.14 
 134  128  614  896 4.00 
 134  128  614  981 4.14 
 134  213  561  981 3.67 
 134  213  614  896 4.14 
 134  213  614  981 3.57 
 134  299  614  981 2.67 
 187   43  561  981 -2.00 
 187   43  614  811 2.71 
 187   43  614  896 3.29 
 187   43  614  981 3.00 
 187  128  614  896 3.29 
 187  128  614  981 3.57 
 187  213  614  981 3.57 
