  43   35  725  666 2.57 
  43   35  725  736 3.14 
  43   35  725  806 3.29 
  43   35  811  596 1.14 
  43   35  811  666 1.86 
  43   35  811  736 3.00 
  43   35  811  806 3.14 
  43   35  896  596 1.14 
  43   35  896  666 1.86 
  43   35  896  736 3.43 
  43   35  896  806 3.29 
  43   35  981  596 1.14 
  43   35  981  666 2.29 
  43   35  981  736 3.43 
  43   35  981  806 3.71 
  43  105  725  736 3.00 
  43  105  725  806 3.57 
  43  105  811  666 2.00 
  43  105  811  736 3.14 
  43  105  811  806 3.00 
  43  105  896  666 2.57 
  43  105  896  736 4.00 
  43  105  896  806 3.86 
  43  105  981  596 1.14 
  43  105  981  666 2.00 
  43  105  981  736 3.71 
  43  105  981  806 4.29 
  43  175  725  806 3.29 
  43  175  811  736 3.29 
  43  175  811  806 2.86 
  43  175  896  736 4.00 
  43  175  896  806 3.71 
  43  175  981  666 2.00 
  43  175  981  736 4.00 
  43  175  981  806 3.29 
  43  245  811  806 2.43 
  43  245  896  806 2.57 
  43  245  981  736 2.86 
  43  245  981  806 2.71 
 128   35  725  806 3.29 
 128   35  811  666 2.14 
 128   35  811  736 3.43 
 128   35  811  806 3.71 
 128   35  896  596 1.29 
 128   35  896  666 1.86 
 128   35  896  736 3.29 
 128   35  896  806 4.00 
 128   35  981  596 1.00 
 128   35  981  666 1.86 
 128   35  981  736 3.71 
 128   35  981  806 3.71 
 128  105  811  736 3.29 
 128  105  811  806 3.71 
 128  105  896  666 2.29 
 128  105  896  736 4.00 
 128  105  896  806 4.00 
 128  105  981  666 2.29 
 128  105  981  736 4.29 
 128  105  981  806 3.86 
 128  175  811  806 3.43 
 128  175  896  736 3.71 
 128  175  896  806 4.00 
 128  175  981  736 4.00 
 128  175  981  806 3.86 
 128  245  896  806 2.43 
 128  245  981  806 2.71 
 213   35  811  806 3.71 
 213   35  896  666 2.43 
 213   35  896  736 3.43 
 213   35  896  806 3.86 
 213   35  981  596 1.29 
 213   35  981  666 1.86 
 213   35  981  736 3.29 
 213   35  981  806 3.71 
 213  105  896  736 3.57 
 213  105  896  806 4.14 
 213  105  981  666 2.14 
 213  105  981  736 3.14 
 213  105  981  806 3.43 
 213  175  896  806 3.57 
 213  175  981  736 3.00 
 213  175  981  806 2.71 
 213  245  981  806 2.57 
 299   35  896  806 3.29 
 299   35  981  666 2.00 
 299   35  981  736 2.71 
 299   35  981  806 2.71 
 299  105  981  736 2.86 
 299  105  981  806 2.86 
 299  175  981  806 3.00 
